frame_number	 sync_in1	 sync_in2	 time_stamp
1	 0	 1	 0.0163681507111
2	 0	 1	 0.0327460765839
3	 0	 1	 0.0492839813232
4	 0	 1	 0.0659921169281
5	 0	 1	 0.0825970172882
6	 0	 1	 0.0992970466614
7	 0	 1	 0.11600112915
8	 0	 1	 0.132588148117
9	 0	 1	 0.149271965027
10	 0	 1	 0.16596198082
11	 0	 1	 0.182629108429
12	 0	 1	 0.199293136597
13	 0	 1	 0.215970039368
14	 0	 1	 0.23264503479
15	 0	 1	 0.249331951141
16	 0	 1	 0.265990018845
17	 0	 1	 0.282653093338
18	 0	 1	 0.299360990524
19	 0	 1	 0.317331075668
20	 0	 1	 0.332617044449
21	 0	 1	 0.349281072617
22	 0	 1	 0.367506027222
23	 0	 1	 0.38262796402
24	 0	 1	 0.399557113647
25	 0	 1	 0.416071176529
26	 0	 1	 0.432684183121
27	 0	 1	 0.449295043945
28	 0	 1	 0.465970039368
29	 0	 1	 0.482611179352
30	 0	 1	 0.499264001846
31	 0	 1	 0.515906095505
32	 0	 1	 0.532632112503
33	 0	 1	 0.549285173416
34	 0	 1	 0.565953016281
35	 0	 1	 0.582601070404
36	 0	 1	 0.599321126938
37	 0	 1	 0.615970134735
38	 0	 1	 0.632614135742
39	 0	 1	 0.64932012558
40	 0	 1	 0.666203022003
41	 0	 1	 0.682957172394
42	 0	 1	 0.699366092682
43	 0	 1	 0.715994119644
44	 0	 1	 0.732679128647
45	 0	 1	 0.749320030212
46	 0	 1	 0.766208171844
47	 0	 1	 0.783004999161
48	 0	 1	 0.799379110336
49	 0	 1	 0.815965175629
50	 0	 1	 0.83261013031
51	 0	 1	 0.849327087402
52	 0	 1	 0.865970134735
53	 0	 1	 0.882658004761
54	 0	 1	 0.899355173111
55	 0	 1	 0.915990114212
56	 0	 1	 0.932631015778
57	 0	 1	 0.949280023575
58	 0	 1	 0.965917110443
59	 0	 1	 0.982599020004
60	 0	 1	 0.999288082123
61	 0	 1	 1.01596307755
62	 0	 1	 1.03260397911
63	 0	 1	 1.04928803444
64	 0	 1	 1.06595301628
65	 0	 1	 1.08261013031
66	 0	 1	 1.09929513931
67	 0	 1	 1.1159491539
68	 0	 1	 1.13260912895
69	 0	 1	 1.14927005768
70	 0	 1	 1.16593599319
71	 0	 1	 1.1826210022
72	 0	 1	 1.19930100441
73	 0	 1	 1.21603608131
74	 0	 1	 1.23270106316
75	 0	 1	 1.24936413765
76	 0	 1	 1.2662551403
77	 0	 1	 1.2829220295
78	 0	 1	 1.29932713509
79	 0	 1	 1.31597018242
80	 0	 1	 1.33268713951
81	 0	 1	 1.34938597679
82	 0	 1	 1.36606216431
83	 0	 1	 1.38272809982
84	 0	 1	 1.39938807487
85	 0	 1	 1.41604709625
86	 0	 1	 1.43268203735
87	 0	 1	 1.44936203957
88	 0	 1	 1.46606707573
89	 0	 1	 1.48281598091
90	 0	 1	 1.49941301346
91	 0	 1	 1.51613497734
92	 0	 1	 1.53279018402
93	 0	 1	 1.54939818382
94	 0	 1	 1.56608009338
95	 0	 1	 1.58273506165
96	 0	 1	 1.59943509102
97	 0	 1	 1.61607003212
98	 0	 1	 1.6327381134
99	 0	 1	 1.64942598343
100	 0	 1	 1.66608405113
101	 0	 1	 1.6827750206
102	 0	 1	 1.69942808151
103	 0	 1	 1.71610498428
104	 0	 1	 1.7327849865
105	 0	 1	 1.7496650219
106	 0	 1	 1.76643300056
107	 0	 1	 1.78279495239
108	 0	 1	 1.79945206642
109	 0	 1	 1.81612706184
110	 0	 1	 1.83280014992
111	 0	 1	 1.84942412376
112	 0	 1	 1.86613607407
113	 0	 1	 1.88279700279
114	 0	 1	 1.89945602417
115	 0	 1	 1.91637396812
116	 0	 1	 1.93436598778
117	 0	 1	 1.94952106476
118	 0	 1	 1.96612000465
119	 0	 1	 1.98282814026
120	 0	 1	 1.99972009659
121	 0	 1	 2.01641798019
122	 0	 1	 2.03290915489
123	 0	 1	 2.04954314232
124	 0	 1	 2.06622409821
125	 0	 1	 2.08282518387
126	 0	 1	 2.09948706627
127	 0	 1	 2.1161711216
128	 0	 1	 2.13308596611
129	 0	 1	 2.14964103699
130	 0	 1	 2.16623902321
131	 0	 1	 2.18276810646
132	 0	 1	 2.19964694977
133	 0	 1	 2.21631503105
134	 0	 1	 2.23281908035
135	 0	 1	 2.24950313568
136	 0	 1	 2.26612901688
137	 0	 1	 2.2830760479
138	 0	 1	 2.29957103729
139	 0	 1	 2.31618213654
140	 0	 1	 2.33287215233
141	 0	 1	 2.3495080471
142	 0	 1	 2.36618614197
143	 0	 1	 2.38290715218
144	 0	 1	 2.39954304695
145	 0	 1	 2.4162299633
146	 0	 1	 2.43287396431
147	 0	 1	 2.44953298569
148	 0	 1	 2.46622204781
149	 0	 1	 2.48290395737
150	 0	 1	 2.49956202507
151	 0	 1	 2.51621198654
152	 0	 1	 2.53292703629
153	 0	 1	 2.54957103729
154	 0	 1	 2.56623101234
155	 0	 1	 2.58292603493
156	 0	 1	 2.59955811501
157	 0	 1	 2.61621618271
158	 0	 1	 2.63287115097
159	 0	 1	 2.64953899384
160	 0	 1	 2.66617107391
161	 0	 1	 2.68284797668
162	 0	 1	 2.69957494736
163	 0	 1	 2.71623015404
164	 0	 1	 2.7328710556
165	 0	 1	 2.74956703186
166	 0	 1	 2.76627016068
167	 0	 1	 2.78291296959
168	 0	 1	 2.79954600334
169	 0	 1	 2.81625199318
170	 0	 1	 2.83316397667
171	 0	 1	 2.84972310066
172	 0	 1	 2.86629199982
173	 0	 1	 2.88289403915
174	 0	 1	 2.89952206612
175	 0	 1	 2.91618394852
176	 0	 1	 2.93289804459
177	 0	 1	 2.94956111908
178	 0	 1	 2.96624398232
179	 0	 1	 2.98293805122
180	 0	 1	 2.99960517883
181	 0	 1	 3.01628804207
182	 0	 1	 3.03293514252
183	 0	 1	 3.04960012436
184	 0	 1	 3.06624913216
185	 0	 1	 3.08293509483
186	 0	 1	 3.0995721817
187	 0	 1	 3.1165201664
188	 0	 1	 3.13310813904
189	 0	 1	 3.14963507652
190	 0	 1	 3.16627907753
191	 0	 1	 3.18309807777
192	 0	 1	 3.19968795776
193	 0	 1	 3.21628117561
194	 0	 1	 3.23293209076
195	 0	 1	 3.24975705147
196	 0	 1	 3.2663359642
197	 0	 1	 3.28296303749
198	 0	 1	 3.29983305931
199	 0	 1	 3.31636214256
200	 0	 1	 3.33292198181
201	 0	 1	 3.34959816933
202	 0	 1	 3.36622714996
203	 0	 1	 3.38292098045
204	 0	 1	 3.39990711212
205	 0	 1	 3.41635799408
206	 0	 1	 3.4329559803
207	 0	 1	 3.44962596893
208	 0	 1	 3.46629810333
209	 0	 1	 3.48295116425
210	 0	 1	 3.49958395958
211	 0	 1	 3.5162961483
212	 0	 1	 3.53297495842
213	 0	 1	 3.54963612556
214	 0	 1	 3.56628012657
215	 0	 1	 3.58294200897
216	 0	 1	 3.59962797165
217	 0	 1	 3.61633300781
218	 0	 1	 3.6329870224
219	 0	 1	 3.64965796471
220	 0	 1	 3.66631007195
221	 0	 1	 3.68296813965
222	 0	 1	 3.69963002205
223	 0	 1	 3.71631598473
224	 0	 1	 3.73297810555
225	 0	 1	 3.74972295761
226	 0	 1	 3.76631498337
227	 0	 1	 3.78299212456
228	 0	 1	 3.79963111877
229	 0	 1	 3.81628894806
230	 0	 1	 3.83294296265
231	 0	 1	 3.84962916374
232	 0	 1	 3.86629414558
233	 0	 1	 3.88298416138
234	 0	 1	 3.89967417717
235	 0	 1	 3.91635298729
236	 0	 1	 3.93305206299
237	 0	 1	 3.94974517822
238	 0	 1	 3.96635007858
239	 0	 1	 3.98300695419
240	 0	 1	 3.99973011017
241	 0	 1	 4.0163371563
242	 0	 1	 4.03305315971
243	 0	 1	 4.04967904091
244	 0	 1	 4.06638908386
245	 0	 1	 4.08315896988
246	 0	 1	 4.09983611107
247	 0	 1	 4.11640501022
248	 0	 1	 4.13316106796
249	 0	 1	 4.14974308014
250	 0	 1	 4.16633105278
251	 0	 1	 4.18325710297
252	 0	 1	 4.19980406761
253	 0	 1	 4.21639704704
254	 0	 1	 4.23308706284
255	 0	 1	 4.24973511696
256	 0	 1	 4.26640415192
257	 0	 1	 4.28332710266
258	 0	 1	 4.29984903336
259	 0	 1	 4.31641101837
260	 0	 1	 4.33323907852
261	 0	 1	 4.34978795052
262	 0	 1	 4.36646413803
263	 0	 1	 4.38311100006
264	 0	 1	 4.39974617958
265	 0	 1	 4.416421175
266	 0	 1	 4.43307709694
267	 0	 1	 4.44974017143
268	 0	 1	 4.46643209457
269	 0	 1	 4.48312807083
270	 0	 1	 4.49999713898
271	 0	 1	 4.51665210724
272	 0	 1	 4.53325200081
273	 0	 1	 4.54983496666
274	 0	 1	 4.5664639473
275	 0	 1	 4.58310198784
276	 0	 1	 4.59993696213
277	 0	 1	 4.6167140007
278	 0	 1	 4.63311004639
279	 0	 1	 4.65000104904
280	 0	 1	 4.66667604446
281	 0	 1	 4.68320202827
282	 0	 1	 4.69976496696
283	 0	 1	 4.71659898758
284	 0	 1	 4.73320913315
285	 0	 1	 4.74980807304
286	 0	 1	 4.76649308205
287	 0	 1	 4.78338313103
288	 0	 1	 4.79993510246
289	 0	 1	 4.81649398804
290	 0	 1	 4.8331091404
291	 0	 1	 4.84978795052
292	 0	 1	 4.86648917198
293	 0	 1	 4.88343214989
294	 0	 1	 4.89983415604
295	 0	 1	 4.91648602486
296	 0	 1	 4.93313407898
297	 0	 1	 4.94979500771
298	 0	 1	 4.96648097038
299	 0	 1	 4.98319196701
300	 0	 1	 4.99982595444
301	 0	 1	 5.01650309563
302	 0	 1	 5.03318214417
303	 0	 1	 5.04981303215
304	 0	 1	 5.06676697731
305	 0	 1	 5.08345603943
306	 0	 1	 5.09994196892
307	 0	 1	 5.11646413803
308	 0	 1	 5.13340616226
309	 0	 1	 5.14996600151
310	 0	 1	 5.1665160656
311	 0	 1	 5.18333816528
312	 0	 1	 5.19981598854
313	 0	 1	 5.21649217606
314	 0	 1	 5.23318910599
315	 0	 1	 5.24985003471
316	 0	 1	 5.26651906967
317	 0	 1	 5.28319215775
318	 0	 1	 5.29985904694
319	 0	 1	 5.31654310226
320	 0	 1	 5.33320116997
321	 0	 1	 5.34985303879
322	 0	 1	 5.36655712128
323	 0	 1	 5.38322997093
324	 0	 1	 5.3998939991
325	 0	 1	 5.41651201248
326	 0	 1	 5.43337607384
327	 0	 1	 5.45010995865
328	 0	 1	 5.46656107903
329	 0	 1	 5.4831969738
330	 0	 1	 5.49985098839
331	 0	 1	 5.51655101776
332	 0	 1	 5.5332159996
333	 0	 1	 5.54985308647
334	 0	 1	 5.56677913666
335	 0	 1	 5.58348011971
336	 0	 1	 5.59992218018
337	 0	 1	 5.61656713486
338	 0	 1	 5.63319611549
339	 0	 1	 5.64990615845
340	 0	 1	 5.66655015945
341	 0	 1	 5.6832139492
342	 0	 1	 5.69987511635
343	 0	 1	 5.71653199196
344	 0	 1	 5.73322606087
345	 0	 1	 5.74991202354
346	 0	 1	 5.76658201218
347	 0	 1	 5.78324198723
348	 0	 1	 5.79986405373
349	 0	 1	 5.81653404236
350	 0	 1	 5.83320116997
351	 0	 1	 5.84988903999
352	 0	 1	 5.86654901505
353	 0	 1	 5.88323116302
354	 0	 1	 5.89990901947
355	 0	 1	 5.91681313515
356	 0	 1	 5.93326711655
357	 0	 1	 5.95014214516
358	 0	 1	 5.96679210663
359	 0	 1	 5.98336911201
360	 0	 1	 5.99994301796
361	 0	 1	 6.01679205894
362	 0	 1	 6.0333981514
363	 0	 1	 6.05108594894
364	 0	 1	 6.06663799286
365	 0	 1	 6.08328700066
366	 0	 1	 6.09995603561
367	 0	 1	 6.11662697792
368	 0	 1	 6.13329696655
369	 0	 1	 6.14996409416
370	 0	 1	 6.16663217545
371	 0	 1	 6.18330812454
372	 0	 1	 6.19999814034
373	 0	 1	 6.21666002274
374	 0	 1	 6.23331999779
375	 0	 1	 6.25000095367
376	 0	 1	 6.26666402817
377	 0	 1	 6.28354716301
378	 0	 1	 6.30018115044
379	 0	 1	 6.3166539669
380	 0	 1	 6.33337807655
381	 0	 1	 6.34995007515
382	 0	 1	 6.36657905579
383	 0	 1	 6.3832461834
384	 0	 1	 6.4001660347
385	 0	 1	 6.41681599617
386	 0	 1	 6.43333411217
387	 0	 1	 6.44992208481
388	 0	 1	 6.46672296524
389	 0	 1	 6.48337101936
390	 0	 1	 6.49996495247
391	 0	 1	 6.51659297943
392	 0	 1	 6.5332660675
393	 0	 1	 6.54992794991
394	 0	 1	 6.56659317017
395	 0	 1	 6.5832490921
396	 0	 1	 6.59995698929
397	 0	 1	 6.61661911011
398	 0	 1	 6.63327717781
399	 0	 1	 6.64996600151
400	 0	 1	 6.66660499573
401	 0	 1	 6.6832909584
402	 0	 1	 6.69996595383
403	 0	 1	 6.71662998199
404	 0	 1	 6.73330903053
405	 0	 1	 6.74997615814
406	 0	 1	 6.76664113998
407	 0	 1	 6.78335905075
408	 0	 1	 6.79995512962
409	 0	 1	 6.81660914421
410	 0	 1	 6.83328509331
411	 0	 1	 6.84998703003
412	 0	 1	 6.86667299271
413	 0	 1	 6.88338303566
414	 0	 1	 6.89998197556
415	 0	 1	 6.916877985
416	 0	 1	 6.93361115456
417	 0	 1	 6.95005512238
418	 0	 1	 6.96667909622
419	 0	 1	 6.98334217072
420	 0	 1	 7.00021505356
421	 0	 1	 7.01686501503
422	 0	 1	 7.03348612785
423	 0	 1	 7.05003213882
424	 0	 1	 7.066655159
425	 0	 1	 7.08336615562
426	 0	 1	 7.09999799728
427	 0	 1	 7.1166870594
428	 0	 1	 7.13357710838
429	 0	 1	 7.15025997162
430	 0	 1	 7.16685009003
431	 0	 1	 7.1833729744
432	 0	 1	 7.20002102852
433	 0	 1	 7.2166800499
434	 0	 1	 7.2333521843
435	 0	 1	 7.25002217293
436	 0	 1	 7.266685009
437	 0	 1	 7.2833609581
438	 0	 1	 7.30002617836
439	 0	 1	 7.31670808792
440	 0	 1	 7.33344006538
441	 0	 1	 7.3501060009
442	 0	 1	 7.36677312851
443	 0	 1	 7.3834271431
444	 0	 1	 7.40009212494
445	 0	 1	 7.4167740345
446	 0	 1	 7.43367600441
447	 0	 1	 7.45034599304
448	 0	 1	 7.46681213379
449	 0	 1	 7.48347115517
450	 0	 1	 7.50018215179
451	 0	 1	 7.51679611206
452	 0	 1	 7.53345799446
453	 0	 1	 7.55012798309
454	 0	 1	 7.56682014465
455	 0	 1	 7.58345413208
456	 0	 1	 7.60014414787
457	 0	 1	 7.61680316925
458	 0	 1	 7.63367414474
459	 0	 1	 7.65035700798
460	 0	 1	 7.66683411598
461	 0	 1	 7.68343615532
462	 0	 1	 7.70012402534
463	 0	 1	 7.71677398682
464	 0	 1	 7.73345303535
465	 0	 1	 7.75010299683
466	 0	 1	 7.76678609848
467	 0	 1	 7.78346514702
468	 0	 1	 7.80034303665
469	 0	 1	 7.81709909439
470	 0	 1	 7.83351612091
471	 0	 1	 7.85012817383
472	 0	 1	 7.86680006981
473	 0	 1	 7.88344311714
474	 0	 1	 7.90014195442
475	 0	 1	 7.91702699661
476	 0	 1	 7.93385100365
477	 0	 1	 7.95021605492
478	 0	 1	 7.96682596207
479	 0	 1	 7.98347401619
480	 0	 1	 8.0001540184
481	 0	 1	 8.01681995392
482	 0	 1	 8.03346014023
483	 0	 1	 8.05020213127
484	 0	 1	 8.0668091774
485	 0	 1	 8.08349609375
486	 0	 1	 8.10015416145
487	 0	 1	 8.11680412292
488	 0	 1	 8.13377213478
489	 0	 1	 8.15039014816
490	 0	 1	 8.1668920517
491	 0	 1	 8.18352508545
492	 0	 1	 8.2001709938
493	 0	 1	 8.21707510948
494	 0	 1	 8.2336139679
495	 0	 1	 8.25022506714
496	 0	 1	 8.2669301033
497	 0	 1	 8.28352618217
498	 0	 1	 8.3002550602
499	 0	 1	 8.31694507599
500	 0	 1	 8.33366894722
501	 0	 1	 8.3501970768
502	 0	 1	 8.36697912216
503	 0	 1	 8.38357400894
504	 0	 1	 8.40033316612
505	 0	 1	 8.41691017151
506	 0	 1	 8.43362212181
507	 0	 1	 8.45024514198
508	 0	 1	 8.46685099602
509	 0	 1	 8.48373699188
510	 0	 1	 8.50035309792
511	 0	 1	 8.51693606377
512	 0	 1	 8.53369116783
513	 0	 1	 8.55028009415
514	 0	 1	 8.56689500809
515	 0	 1	 8.58361911774
516	 0	 1	 8.60025501251
517	 0	 1	 8.61691999435
518	 0	 1	 8.63356995583
519	 0	 1	 8.6505010128
520	 0	 1	 8.6671500206
521	 0	 1	 8.68366503716
522	 0	 1	 8.70027804375
523	 0	 1	 8.71706199646
524	 0	 1	 8.73363399506
525	 0	 1	 8.75028395653
526	 0	 1	 8.76688408852
527	 0	 1	 8.78358101845
528	 0	 1	 8.8002281189
529	 0	 1	 8.81688904762
530	 0	 1	 8.83378696442
531	 0	 1	 8.85049295425
532	 0	 1	 8.86701512337
533	 0	 1	 8.88360595703
534	 0	 1	 8.90024614334
535	 0	 1	 8.91694116592
536	 0	 1	 8.9336130619
537	 0	 1	 8.95024609566
538	 0	 1	 8.96691513062
539	 0	 1	 8.98360896111
540	 0	 1	 9.00026106834
541	 0	 1	 9.01693701744
542	 0	 1	 9.0335931778
543	 0	 1	 9.05025601387
544	 0	 1	 9.06693601608
545	 0	 1	 9.0835981369
546	 0	 1	 9.10029602051
547	 0	 1	 9.11695694923
548	 0	 1	 9.13363599777
549	 0	 1	 9.15030407906
550	 0	 1	 9.16722202301
551	 0	 1	 9.18384099007
552	 0	 1	 9.2004339695
553	 0	 1	 9.2169649601
554	 0	 1	 9.23358511925
555	 0	 1	 9.25027298927
556	 0	 1	 9.26695418358
557	 0	 1	 9.28362011909
558	 0	 1	 9.30028009415
559	 0	 1	 9.31695318222
560	 0	 1	 9.33361411095
561	 0	 1	 9.3502600193
562	 0	 1	 9.36694312096
563	 0	 1	 9.38363099098
564	 0	 1	 9.40050506592
565	 0	 1	 9.4172949791
566	 0	 1	 9.43367695808
567	 0	 1	 9.45032000542
568	 0	 1	 9.46716499329
569	 0	 1	 9.48377513885
570	 0	 1	 9.50038099289
571	 0	 1	 9.51695799828
572	 0	 1	 9.53359508514
573	 0	 1	 9.55024695396
574	 0	 1	 9.5669400692
575	 0	 1	 9.58360409737
576	 0	 1	 9.60026097298
577	 0	 1	 9.61695218086
578	 0	 1	 9.63361096382
579	 0	 1	 9.65027713776
580	 0	 1	 9.66694498062
581	 0	 1	 9.68361115456
582	 0	 1	 9.70030117035
583	 0	 1	 9.71695494652
584	 0	 1	 9.73362207413
585	 0	 1	 9.75030016899
586	 0	 1	 9.76697301865
587	 0	 1	 9.78367209435
588	 0	 1	 9.80032896996
589	 0	 1	 9.81700015068
590	 0	 1	 9.83366417885
591	 0	 1	 9.85029911995
592	 0	 1	 9.86698317528
593	 0	 1	 9.88363313675
594	 0	 1	 9.90031194687
595	 0	 1	 9.91699814796
596	 0	 1	 9.93371915817
597	 0	 1	 9.95036697388
598	 0	 1	 9.96699404716
599	 0	 1	 9.98369908333
600	 0	 1	 10.0003299713
601	 0	 1	 10.0170221329
602	 0	 1	 10.0337879658
603	 0	 1	 10.0504331589
604	 0	 1	 10.0669851303
605	 0	 1	 10.0836889744
606	 0	 1	 10.1003751755
607	 0	 1	 10.1170260906
608	 0	 1	 10.1336729527
609	 0	 1	 10.1503491402
610	 0	 1	 10.1670320034
611	 0	 1	 10.1837129593
612	 0	 1	 10.200345993
613	 0	 1	 10.217040062
614	 0	 1	 10.2337281704
615	 0	 1	 10.2504191399
616	 0	 1	 10.2670559883
617	 0	 1	 10.283727169
618	 0	 1	 10.3004021645
619	 0	 1	 10.3170750141
620	 0	 1	 10.334059
621	 0	 1	 10.3506979942
622	 0	 1	 10.3671979904
623	 0	 1	 10.3837981224
624	 0	 1	 10.4004771709
625	 0	 1	 10.417121172
626	 0	 1	 10.4337871075
627	 0	 1	 10.4504959583
628	 0	 1	 10.4674141407
629	 0	 1	 10.4840149879
630	 0	 1	 10.5006020069
631	 0	 1	 10.5171151161
632	 0	 1	 10.5338411331
633	 0	 1	 10.5504791737
634	 0	 1	 10.5671560764
635	 0	 1	 10.5838479996
636	 0	 1	 10.6004929543
637	 0	 1	 10.6171481609
638	 0	 1	 10.6339700222
639	 0	 1	 10.6507339478
640	 0	 1	 10.6672799587
641	 0	 1	 10.6838459969
642	 0	 1	 10.7005109787
643	 0	 1	 10.7172009945
644	 0	 1	 10.7338271141
645	 0	 1	 10.7504580021
646	 0	 1	 10.7674050331
647	 0	 1	 10.7840750217
648	 0	 1	 10.8005290031
649	 0	 1	 10.8171601295
650	 0	 1	 10.8338110447
651	 0	 1	 10.8504891396
652	 0	 1	 10.8671469688
653	 0	 1	 10.8838450909
654	 0	 1	 10.9007241726
655	 0	 1	 10.9174110889
656	 0	 1	 10.9338860512
657	 0	 1	 10.9504699707
658	 0	 1	 10.967154026
659	 0	 1	 10.9840970039
660	 0	 1	 11.0008020401
661	 0	 1	 11.0172870159
662	 0	 1	 11.0338020325
663	 0	 1	 11.0505189896
664	 0	 1	 11.0671629906
665	 0	 1	 11.083812952
666	 0	 1	 11.1004769802
667	 0	 1	 11.1171519756
668	 0	 1	 11.1338191032
669	 0	 1	 11.1504771709
670	 0	 1	 11.1671421528
671	 0	 1	 11.1838150024
672	 0	 1	 11.2004871368
673	 0	 1	 11.2171521187
674	 0	 1	 11.2337911129
675	 0	 1	 11.2506730556
676	 0	 1	 11.2674369812
677	 0	 1	 11.2838890553
678	 0	 1	 11.3005011082
679	 0	 1	 11.3171520233
680	 0	 1	 11.3340780735
681	 0	 1	 11.3506760597
682	 0	 1	 11.3672449589
683	 0	 1	 11.3841221333
684	 0	 1	 11.4008390903
685	 0	 1	 11.4173271656
686	 0	 1	 11.433879137
687	 0	 1	 11.4505159855
688	 0	 1	 11.4672031403
689	 0	 1	 11.4841010571
690	 0	 1	 11.5007681847
691	 0	 1	 11.5172469616
692	 0	 1	 11.5339620113
693	 0	 1	 11.5505599976
694	 0	 1	 11.567234993
695	 0	 1	 11.584113121
696	 0	 1	 11.6005599499
697	 0	 1	 11.6174521446
698	 0	 1	 11.6341080666
699	 0	 1	 11.6506040096
700	 0	 1	 11.667235136
701	 0	 1	 11.6838870049
702	 0	 1	 11.7007780075
703	 0	 1	 11.7174501419
704	 0	 1	 11.7339470387
705	 0	 1	 11.750565052
706	 0	 1	 11.7673449516
707	 0	 1	 11.7839460373
708	 0	 1	 11.8005681038
709	 0	 1	 11.8172280788
710	 0	 1	 11.8340990543
711	 0	 1	 11.8508570194
712	 0	 1	 11.8674149513
713	 0	 1	 11.883991003
714	 0	 1	 11.900603056
715	 0	 1	 11.9173841476
716	 0	 1	 11.9339900017
717	 0	 1	 11.9506549835
718	 0	 1	 11.9672989845
719	 0	 1	 11.9841811657
720	 0	 1	 12.0006330013
721	 0	 1	 12.0172710419
722	 0	 1	 12.0345289707
723	 0	 1	 12.0505940914
724	 0	 1	 12.0675029755
725	 0	 1	 12.0841290951
726	 0	 1	 12.1006491184
727	 0	 1	 12.1172840595
728	 0	 1	 12.1339371204
729	 0	 1	 12.1506481171
730	 0	 1	 12.1672790051
731	 0	 1	 12.1839141846
732	 0	 1	 12.2005770206
733	 0	 1	 12.2172939777
734	 0	 1	 12.2339270115
735	 0	 1	 12.250592947
736	 0	 1	 12.2672870159
737	 0	 1	 12.2839341164
738	 0	 1	 12.3006119728
739	 0	 1	 12.3172969818
740	 0	 1	 12.333920002
741	 0	 1	 12.350579977
742	 0	 1	 12.3672780991
743	 0	 1	 12.3839039803
744	 0	 1	 12.400578022
745	 0	 1	 12.4172921181
746	 0	 1	 12.4339430332
747	 0	 1	 12.4506421089
748	 0	 1	 12.4672911167
749	 0	 1	 12.4839770794
750	 0	 1	 12.5006780624
751	 0	 1	 12.5173239708
752	 0	 1	 12.5340120792
753	 0	 1	 12.5506420135
754	 0	 1	 12.5673241615
755	 0	 1	 12.5842080116
756	 0	 1	 12.6007599831
757	 0	 1	 12.6173501015
758	 0	 1	 12.6339731216
759	 0	 1	 12.650632143
760	 0	 1	 12.6672701836
761	 0	 1	 12.6841521263
762	 0	 1	 12.7009570599
763	 0	 1	 12.7174379826
764	 0	 1	 12.7340080738
765	 0	 1	 12.7506101131
766	 0	 1	 12.7673511505
767	 0	 1	 12.7839541435
768	 0	 1	 12.8006720543
769	 0	 1	 12.8173470497
770	 0	 1	 12.8340270519
771	 0	 1	 12.8506879807
772	 0	 1	 12.8672921658
773	 0	 1	 12.8839631081
774	 0	 1	 12.900660038
775	 0	 1	 12.917317152
776	 0	 1	 12.934005022
777	 0	 1	 12.9506690502
778	 0	 1	 12.9673349857
779	 0	 1	 12.9840149879
780	 0	 1	 13.0006799698
781	 0	 1	 13.0175991058
782	 0	 1	 13.0342769623
783	 0	 1	 13.0535650253
784	 0	 1	 13.067456007
785	 0	 1	 13.0840330124
786	 0	 1	 13.1006679535
787	 0	 1	 13.1173939705
788	 0	 1	 13.134054184
789	 0	 1	 13.1507191658
790	 0	 1	 13.1673791409
791	 0	 1	 13.1840491295
792	 0	 1	 13.2007131577
793	 0	 1	 13.2173991203
794	 0	 1	 13.2340400219
795	 0	 1	 13.2507519722
796	 0	 1	 13.2673881054
797	 0	 1	 13.2840549946
798	 0	 1	 13.3007090092
799	 0	 1	 13.3176081181
800	 0	 1	 13.3343169689
801	 0	 1	 13.3508081436
802	 0	 1	 13.3674430847
803	 0	 1	 13.3843390942
804	 0	 1	 13.4009571075
805	 0	 1	 13.4175350666
806	 0	 1	 13.4342739582
807	 0	 1	 13.4508681297
808	 0	 1	 13.46748209
809	 0	 1	 13.4843680859
810	 0	 1	 13.5009169579
811	 0	 1	 13.5174930096
812	 0	 1	 13.5341620445
813	 0	 1	 13.5508291721
814	 0	 1	 13.5674490929
815	 0	 1	 13.584100008
816	 0	 1	 13.6007940769
817	 0	 1	 13.6174559593
818	 0	 1	 13.6341249943
819	 0	 1	 13.6508059502
820	 0	 1	 13.6675140858
821	 0	 1	 13.6841931343
822	 0	 1	 13.7008070946
823	 0	 1	 13.7177000046
824	 0	 1	 13.7343671322
825	 0	 1	 13.7508909702
826	 0	 1	 13.7675321102
827	 0	 1	 13.7842681408
828	 0	 1	 13.8008811474
829	 0	 1	 13.817522049
830	 0	 1	 13.8341240883
831	 0	 1	 13.8507480621
832	 0	 1	 13.8674600124
833	 0	 1	 13.8841290474
834	 0	 1	 13.901031971
835	 0	 1	 13.9177350998
836	 0	 1	 13.9341959953
837	 0	 1	 13.9508280754
838	 0	 1	 13.967484951
839	 0	 1	 13.9843900204
840	 0	 1	 14.0010919571
841	 0	 1	 14.0176119804
842	 0	 1	 14.0342040062
843	 0	 1	 14.0508110523
844	 0	 1	 14.067510128
845	 0	 1	 14.0841910839
846	 0	 1	 14.100839138
847	 0	 1	 14.1175320148
848	 0	 1	 14.1344640255
849	 0	 1	 14.1511111259
850	 0	 1	 14.1676151752
851	 0	 1	 14.1842069626
852	 0	 1	 14.2008609772
853	 0	 1	 14.2175309658
854	 0	 1	 14.2341890335
855	 0	 1	 14.2508759499
856	 0	 1	 14.2677841187
857	 0	 1	 14.2844390869
858	 0	 1	 14.3009359837
859	 0	 1	 14.3175289631
860	 0	 1	 14.334179163
861	 0	 1	 14.3508810997
862	 0	 1	 14.3675501347
863	 0	 1	 14.3844490051
864	 0	 1	 14.4011130333
865	 0	 1	 14.4176371098
866	 0	 1	 14.4342210293
867	 0	 1	 14.4508631229
868	 0	 1	 14.4675421715
869	 0	 1	 14.4844501019
870	 0	 1	 14.5011301041
871	 0	 1	 14.5176301003
872	 0	 1	 14.534224987
873	 0	 1	 14.5508830547
874	 0	 1	 14.5678210258
875	 0	 1	 14.5844671726
876	 0	 1	 14.6009500027
877	 0	 1	 14.6175801754
878	 0	 1	 14.6342241764
879	 0	 1	 14.6508829594
880	 0	 1	 14.6678099632
881	 0	 1	 14.6844849586
882	 0	 1	 14.7009761333
883	 0	 1	 14.7176010609
884	 0	 1	 14.7342631817
885	 0	 1	 14.7509510517
886	 0	 1	 14.7676110268
887	 0	 1	 14.7842719555
888	 0	 1	 14.8009409904
889	 0	 1	 14.8175909519
890	 0	 1	 14.8342649937
891	 0	 1	 14.8509249687
892	 0	 1	 14.8675830364
893	 0	 1	 14.8842489719
894	 0	 1	 14.900963068
895	 0	 1	 14.9175951481
896	 0	 1	 14.9342579842
897	 0	 1	 14.9509329796
898	 0	 1	 14.9676301479
899	 0	 1	 14.9843239784
900	 0	 1	 15.0009410381
901	 0	 1	 15.0176041126
902	 0	 1	 15.0343179703
903	 0	 1	 15.0509710312
904	 0	 1	 15.0676660538
905	 0	 1	 15.0843300819
906	 0	 1	 15.1009860039
907	 0	 1	 15.1176681519
908	 0	 1	 15.1343109608
909	 0	 1	 15.1509790421
910	 0	 1	 15.167689085
911	 0	 1	 15.1845741272
912	 0	 1	 15.2011950016
913	 0	 1	 15.2177910805
914	 0	 1	 15.2343289852
915	 0	 1	 15.2509951591
916	 0	 1	 15.267688036
917	 0	 1	 15.2843589783
918	 0	 1	 15.3012759686
919	 0	 1	 15.317923069
920	 0	 1	 15.3343360424
921	 0	 1	 15.3509361744
922	 0	 1	 15.367618084
923	 0	 1	 15.3845219612
924	 0	 1	 15.4011521339
925	 0	 1	 15.4176311493
926	 0	 1	 15.4342470169
927	 0	 1	 15.4509260654
928	 0	 1	 15.467810154
929	 0	 1	 15.4844679832
930	 0	 1	 15.5009710789
931	 0	 1	 15.5176370144
932	 0	 1	 15.5345189571
933	 0	 1	 15.5510811806
934	 0	 1	 15.567677021
935	 0	 1	 15.5843081474
936	 0	 1	 15.6009690762
937	 0	 1	 15.6178610325
938	 0	 1	 15.6344690323
939	 0	 1	 15.6510231495
940	 0	 1	 15.6676521301
941	 0	 1	 15.6845200062
942	 0	 1	 15.7010970116
943	 0	 1	 15.7176821232
944	 0	 1	 15.7344369888
945	 0	 1	 15.7510290146
946	 0	 1	 15.7676680088
947	 0	 1	 15.7843410969
948	 0	 1	 15.8012270927
949	 0	 1	 15.8178780079
950	 0	 1	 15.8343939781
951	 0	 1	 15.8510220051
952	 0	 1	 15.8676819801
953	 0	 1	 15.884606123
954	 0	 1	 15.9012491703
955	 0	 1	 15.9177570343
956	 0	 1	 15.9343430996
957	 0	 1	 15.951020956
958	 0	 1	 15.96768713
959	 0	 1	 15.9843759537
960	 0	 1	 16.001044035
961	 0	 1	 16.0179719925
962	 0	 1	 16.0345761776
963	 0	 1	 16.0515739918
964	 0	 1	 16.0684030056
965	 0	 1	 16.0843479633
966	 0	 1	 16.1010141373
967	 0	 1	 16.1176979542
968	 0	 1	 16.1346361637
969	 0	 1	 16.1513190269
970	 0	 1	 16.1677031517
971	 0	 1	 16.1843681335
972	 0	 1	 16.2010371685
973	 0	 1	 16.2177250385
974	 0	 1	 16.2346551418
975	 0	 1	 16.2514760494
976	 0	 1	 16.2678720951
977	 0	 1	 16.2844419479
978	 0	 1	 16.3010940552
979	 0	 1	 16.3177471161
980	 0	 1	 16.3344709873
981	 0	 1	 16.3511321545
982	 0	 1	 16.367773056
983	 0	 1	 16.3846380711
984	 0	 1	 16.4013860226
985	 0	 1	 16.4179241657
986	 0	 1	 16.4344761372
987	 0	 1	 16.4511051178
988	 0	 1	 16.4677941799
989	 0	 1	 16.4844520092
990	 0	 1	 16.501116991
991	 0	 1	 16.5177819729
992	 0	 1	 16.5344700813
993	 0	 1	 16.551115036
994	 0	 1	 16.5677990913
995	 0	 1	 16.5844471455
996	 0	 1	 16.6011321545
997	 0	 1	 16.6178171635
998	 0	 1	 16.6344549656
999	 0	 1	 16.6511399746
1000	 0	 1	 16.6678080559
1001	 0	 1	 16.6844670773
1002	 0	 1	 16.7011530399
1003	 0	 1	 16.7177951336
1004	 0	 1	 16.7344810963
1005	 0	 1	 16.7511451244
1006	 0	 1	 16.7678551674
1007	 0	 1	 16.7844991684
1008	 0	 1	 16.8011651039
1009	 0	 1	 16.8178429604
1010	 0	 1	 16.8347301483
1011	 0	 1	 16.8514220715
1012	 0	 1	 16.8679201603
1013	 0	 1	 16.8845560551
1014	 0	 1	 16.9011919498
1015	 0	 1	 16.9178371429
1016	 0	 1	 16.9344620705
1017	 0	 1	 16.9511649609
1018	 0	 1	 16.9678139687
1019	 0	 1	 16.984511137
1020	 0	 1	 17.0011630058
1021	 0	 1	 17.0178489685
1022	 0	 1	 17.0345780849
1023	 0	 1	 17.0511960983
1024	 0	 1	 17.0678441525
1025	 0	 1	 17.0845060349
1026	 0	 1	 17.1012001038
1027	 0	 1	 17.1178810596
1028	 0	 1	 17.1347820759
1029	 0	 1	 17.1514840126
1030	 0	 1	 17.1679961681
1031	 0	 1	 17.1845281124
1032	 0	 1	 17.2012109756
1033	 0	 1	 17.2178430557
1034	 0	 1	 17.2346851826
1035	 0	 1	 17.2514719963
1036	 0	 1	 17.2679131031
1037	 0	 1	 17.2845110893
1038	 0	 1	 17.3012080193
1039	 0	 1	 17.3180789948
1040	 0	 1	 17.3348369598
1041	 0	 1	 17.3512899876
1042	 0	 1	 17.3679201603
1043	 0	 1	 17.3845381737
1044	 0	 1	 17.4014730453
1045	 0	 1	 17.4181749821
1046	 0	 1	 17.4346101284
1047	 0	 1	 17.4512331486
1048	 0	 1	 17.4678661823
1049	 0	 1	 17.4845509529
1050	 0	 1	 17.5012590885
1051	 0	 1	 17.5178949833
1052	 0	 1	 17.5345840454
1053	 0	 1	 17.5512449741
1054	 0	 1	 17.5679061413
1055	 0	 1	 17.5845410824
1056	 0	 1	 17.6012570858
1057	 0	 1	 17.6179301739
1058	 0	 1	 17.6348211765
1059	 0	 1	 17.651540041
1060	 0	 1	 17.6679501534
1061	 0	 1	 17.6845550537
1062	 0	 1	 17.7012441158
1063	 0	 1	 17.7179131508
1064	 0	 1	 17.7345721722
1065	 0	 1	 17.7512500286
1066	 0	 1	 17.7679190636
1067	 0	 1	 17.784594059
1068	 0	 1	 17.801484108
1069	 0	 1	 17.8182029724
1070	 0	 1	 17.8346841335
1071	 0	 1	 17.8512849808
1072	 0	 1	 17.8679010868
1073	 0	 1	 17.884802103
1074	 0	 1	 17.9015300274
1075	 0	 1	 17.9179871082
1076	 0	 1	 17.9346060753
1077	 0	 1	 17.9512419701
1078	 0	 1	 17.9679319859
1079	 0	 1	 17.9846150875
1080	 0	 1	 18.0013141632
1081	 0	 1	 18.0179741383
1082	 0	 1	 18.034607172
1083	 0	 1	 18.0512959957
1084	 0	 1	 18.0679781437
1085	 0	 1	 18.0846450329
1086	 0	 1	 18.1012821198
1087	 0	 1	 18.117964983
1088	 0	 1	 18.1346490383
1089	 0	 1	 18.1513030529
1090	 0	 1	 18.168197155
1091	 0	 1	 18.1848809719
1092	 0	 1	 18.2013700008
1093	 0	 1	 18.2179729939
1094	 0	 1	 18.2346220016
1095	 0	 1	 18.2512860298
1096	 0	 1	 18.2681791782
1097	 0	 1	 18.2848951817
1098	 0	 1	 18.3014061451
1099	 0	 1	 18.3180279732
1100	 0	 1	 18.3346381187
1101	 0	 1	 18.3512980938
1102	 0	 1	 18.3679690361
1103	 0	 1	 18.3846371174
1104	 0	 1	 18.4013190269
1105	 0	 1	 18.4179520607
1106	 0	 1	 18.4346261024
1107	 0	 1	 18.4513030052
1108	 0	 1	 18.4682321548
1109	 0	 1	 18.4849050045
1110	 0	 1	 18.5014030933
1111	 0	 1	 18.5179901123
1112	 0	 1	 18.5346210003
1113	 0	 1	 18.5512959957
1114	 0	 1	 18.5679500103
1115	 0	 1	 18.5848870277
1116	 0	 1	 18.6015479565
1117	 0	 1	 18.6180579662
1118	 0	 1	 18.6346440315
1119	 0	 1	 18.6512980461
1120	 0	 1	 18.6682031155
1121	 0	 1	 18.684784174
1122	 0	 1	 18.7013440132
1123	 0	 1	 18.7181119919
1124	 0	 1	 18.7346961498
1125	 0	 1	 18.7513329983
1126	 0	 1	 18.7680289745
1127	 0	 1	 18.7849049568
1128	 0	 1	 18.8015911579
1129	 0	 1	 18.8181231022
1130	 0	 1	 18.8346791267
1131	 0	 1	 18.8513171673
1132	 0	 1	 18.8682279587
1133	 0	 1	 18.8847999573
1134	 0	 1	 18.9013650417
1135	 0	 1	 18.9181230068
1136	 0	 1	 18.9347171783
1137	 0	 1	 18.9513521194
1138	 0	 1	 18.9682700634
1139	 0	 1	 18.9848110676
1140	 0	 1	 19.0014650822
1141	 0	 1	 19.0180530548
1142	 0	 1	 19.0347340107
1143	 0	 1	 19.051361084
1144	 0	 1	 19.0680611134
1145	 0	 1	 19.0846910477
1146	 0	 1	 19.1013841629
1147	 0	 1	 19.1180500984
1148	 0	 1	 19.1347279549
1149	 0	 1	 19.151622057
1150	 0	 1	 19.1682901382
1151	 0	 1	 19.1848111153
1152	 0	 1	 19.2013931274
1153	 0	 1	 19.2180731297
1154	 0	 1	 19.2349481583
1155	 0	 1	 19.2516219616
1156	 0	 1	 19.2681000233
1157	 0	 1	 19.2847321033
1158	 0	 1	 19.3013861179
1159	 0	 1	 19.3180470467
1160	 0	 1	 19.3347690105
1161	 0	 1	 19.3514540195
1162	 0	 1	 19.368103981
1163	 0	 1	 19.3847520351
1164	 0	 1	 19.4014451504
1165	 0	 1	 19.4180960655
1166	 0	 1	 19.4347610474
1167	 0	 1	 19.4514541626
1168	 0	 1	 19.4681050777
1169	 0	 1	 19.4848060608
1170	 0	 1	 19.5014681816
1171	 0	 1	 19.5183300972
1172	 0	 1	 19.535130024
1173	 0	 1	 19.5515611172
1174	 0	 1	 19.5681731701
1175	 0	 1	 19.5848031044
1176	 0	 1	 19.6016891003
1177	 0	 1	 19.6184999943
1178	 0	 1	 19.6349050999
1179	 0	 1	 19.6514890194
1180	 0	 1	 19.6681489944
1181	 0	 1	 19.6848230362
1182	 0	 1	 19.7014839649
1183	 0	 1	 19.7181229591
1184	 0	 1	 19.734814167
1185	 0	 1	 19.7514891624
1186	 0	 1	 19.768171072
1187	 0	 1	 19.7848200798
1188	 0	 1	 19.8017189503
1189	 0	 1	 19.8183970451
1190	 0	 1	 19.8349411488
1191	 0	 1	 19.8515441418
1192	 0	 1	 19.868170023
1193	 0	 1	 19.8850619793
1194	 0	 1	 19.9017679691
1195	 0	 1	 19.91822505
1196	 0	 1	 19.9348430634
1197	 0	 1	 19.9514780045
1198	 0	 1	 19.9681890011
1199	 0	 1	 19.98488307
1200	 0	 1	 20.0015420914
1201	 0	 1	 20.0181469917
1202	 0	 1	 20.0348780155
1203	 0	 1	 20.0515129566
1204	 0	 1	 20.0681531429
1205	 0	 1	 20.0848121643
1206	 0	 1	 20.1015181541
1207	 0	 1	 20.1181931496
1208	 0	 1	 20.134855032
1209	 0	 1	 20.1515071392
1210	 0	 1	 20.168181181
1211	 0	 1	 20.184844017
1212	 0	 1	 20.2014710903
1213	 0	 1	 20.218350172
1214	 0	 1	 20.2351071835
1215	 0	 1	 20.2515780926
1216	 0	 1	 20.2681930065
1217	 0	 1	 20.2848770618
1218	 0	 1	 20.3015451431
1219	 0	 1	 20.3182251453
1220	 0	 1	 20.3349001408
1221	 0	 1	 20.3515491486
1222	 0	 1	 20.3682100773
1223	 0	 1	 20.3849129677
1224	 0	 1	 20.4017860889
1225	 0	 1	 20.4185099602
1226	 0	 1	 20.4349780083
1227	 0	 1	 20.4516010284
1228	 0	 1	 20.4683320522
1229	 0	 1	 20.4849231243
1230	 0	 1	 20.5015661716
1231	 0	 1	 20.5182430744
1232	 0	 1	 20.5349049568
1233	 0	 1	 20.5515799522
1234	 0	 1	 20.5682420731
1235	 0	 1	 20.5849251747
1236	 0	 1	 20.60156703
1237	 0	 1	 20.6182050705
1238	 0	 1	 20.6348621845
1239	 0	 1	 20.6518380642
1240	 0	 1	 20.6685190201
1241	 0	 1	 20.6849951744
1242	 0	 1	 20.7016129494
1243	 0	 1	 20.7182781696
1244	 0	 1	 20.735147953
1245	 0	 1	 20.7517130375
1246	 0	 1	 20.7682390213
1247	 0	 1	 20.7849700451
1248	 0	 1	 20.801568985
1249	 0	 1	 20.8184521198
1250	 0	 1	 20.8349449635
1251	 0	 1	 20.8515729904
1252	 0	 1	 20.8682210445
1253	 0	 1	 20.8851151466
1254	 0	 1	 20.9017071724
1255	 0	 1	 20.9182810783
1256	 0	 1	 20.9349761009
1257	 0	 1	 20.9515850544
1258	 0	 1	 20.9682281017
1259	 0	 1	 20.9851391315
1260	 0	 1	 21.0017471313
1261	 0	 1	 21.0183160305
1262	 0	 1	 21.0349080563
1263	 0	 1	 21.0515861511
1264	 0	 1	 21.0682179928
1265	 0	 1	 21.0848770142
1266	 0	 1	 21.101639986
1267	 0	 1	 21.1184949875
1268	 0	 1	 21.1351630688
1269	 0	 1	 21.1516461372
1270	 0	 1	 21.1682450771
1271	 0	 1	 21.1850171089
1272	 0	 1	 21.2016150951
1273	 0	 1	 21.218362093
1274	 0	 1	 21.2349181175
1275	 0	 1	 21.2515671253
1276	 0	 1	 21.2684550285
1277	 0	 1	 21.285118103
1278	 0	 1	 21.3016371727
1279	 0	 1	 21.3183619976
1280	 0	 1	 21.3349971771
1281	 0	 1	 21.3516740799
1282	 0	 1	 21.3683180809
1283	 0	 1	 21.3849749565
1284	 0	 1	 21.4016671181
1285	 0	 1	 21.41832304
1286	 0	 1	 21.4349839687
1287	 0	 1	 21.4516150951
1288	 0	 1	 21.4683141708
1289	 0	 1	 21.4849641323
1290	 0	 1	 21.5016479492
1291	 0	 1	 21.518294096
1292	 0	 1	 21.5349690914
1293	 0	 1	 21.5516309738
1294	 0	 1	 21.5683181286
1295	 0	 1	 21.5849690437
1296	 0	 1	 21.601662159
1297	 0	 1	 21.6183130741
1298	 0	 1	 21.634968996
1299	 0	 1	 21.6516339779
1300	 0	 1	 21.6683101654
1301	 0	 1	 21.6850199699
1302	 0	 1	 21.7016811371
1303	 0	 1	 21.7183401585
1304	 0	 1	 21.7350051403
1305	 0	 1	 21.7516920567
1306	 0	 1	 21.7683560848
1307	 0	 1	 21.7850191593
1308	 0	 1	 21.801680088
1309	 0	 1	 21.8183660507
1310	 0	 1	 21.8350300789
1311	 0	 1	 21.8517050743
1312	 0	 1	 21.8683669567
1313	 0	 1	 21.8850650787
1314	 0	 1	 21.9017071724
1315	 0	 1	 21.9183731079
1316	 0	 1	 21.9350481033
1317	 0	 1	 21.9517400265
1318	 0	 1	 21.968405962
1319	 0	 1	 21.9850661755
1320	 0	 1	 22.0017330647
1321	 0	 1	 22.0186581612
1322	 0	 1	 22.0352621078
1323	 0	 1	 22.0518000126
1324	 0	 1	 22.0684001446
1325	 0	 1	 22.0851421356
1326	 0	 1	 22.1017889977
1327	 0	 1	 22.1183831692
1328	 0	 1	 22.1350560188
1329	 0	 1	 22.151761055
1330	 0	 1	 22.1686329842
1331	 0	 1	 22.1853909492
1332	 0	 1	 22.201816082
1333	 0	 1	 22.2184331417
1334	 0	 1	 22.2350900173
1335	 0	 1	 22.2517449856
1336	 0	 1	 22.2683839798
1337	 0	 1	 22.2850711346
1338	 0	 1	 22.3017570972
1339	 0	 1	 22.3184211254
1340	 0	 1	 22.3351261616
1341	 0	 1	 22.3517770767
1342	 0	 1	 22.3684670925
1343	 0	 1	 22.3851041794
1344	 0	 1	 22.4017760754
1345	 0	 1	 22.4184641838
1346	 0	 1	 22.4351141453
1347	 0	 1	 22.4518079758
1348	 0	 1	 22.4684729576
1349	 0	 1	 22.4851260185
1350	 0	 1	 22.5018191338
1351	 0	 1	 22.5184860229
1352	 0	 1	 22.5351450443
1353	 0	 1	 22.5518090725
1354	 0	 1	 22.5685009956
1355	 0	 1	 22.5851781368
1356	 0	 1	 22.6020491123
1357	 0	 1	 22.6187529564
1358	 0	 1	 22.6352779865
1359	 0	 1	 22.6518490314
1360	 0	 1	 22.6685321331
1361	 0	 1	 22.6852011681
1362	 0	 1	 22.7018711567
1363	 0	 1	 22.7185380459
1364	 0	 1	 22.7352089882
1365	 0	 1	 22.7518610954
1366	 0	 1	 22.768540144
1367	 0	 1	 22.7854299545
1368	 0	 1	 22.8019590378
1369	 0	 1	 22.8185341358
1370	 0	 1	 22.83517313
1371	 0	 1	 22.8518619537
1372	 0	 1	 22.8687281609
1373	 0	 1	 22.8854300976
1374	 0	 1	 22.9020371437
1375	 0	 1	 22.9185550213
1376	 0	 1	 22.9351689816
1377	 0	 1	 22.9518370628
1378	 0	 1	 22.9684970379
1379	 0	 1	 22.9851830006
1380	 0	 1	 23.0018429756
1381	 0	 1	 23.0185120106
1382	 0	 1	 23.0352470875
1383	 0	 1	 23.0518810749
1384	 0	 1	 23.0685150623
1385	 0	 1	 23.0852110386
1386	 0	 1	 23.101845026
1387	 0	 1	 23.1184940338
1388	 0	 1	 23.1351521015
1389	 0	 1	 23.1518440247
1390	 0	 1	 23.1684830189
1391	 0	 1	 23.1851689816
1392	 0	 1	 23.2018589973
1393	 0	 1	 23.2187380791
1394	 0	 1	 23.2354640961
1395	 0	 1	 23.2519199848
1396	 0	 1	 23.2685041428
1397	 0	 1	 23.2851719856
1398	 0	 1	 23.3018591404
1399	 0	 1	 23.3185400963
1400	 0	 1	 23.3352689743
1401	 0	 1	 23.351924181
1402	 0	 1	 23.3685660362
1403	 0	 1	 23.3853030205
1404	 0	 1	 23.4022250175
1405	 0	 1	 23.418859005
1406	 0	 1	 23.4353339672
1407	 0	 1	 23.4519460201
1408	 0	 1	 23.4687771797
1409	 0	 1	 23.4853210449
1410	 0	 1	 23.5019471645
1411	 0	 1	 23.5188801289
1412	 0	 1	 23.5354230404
1413	 0	 1	 23.5519740582
1414	 0	 1	 23.5685889721
1415	 0	 1	 23.5854861736
1416	 0	 1	 23.6021230221
1417	 0	 1	 23.6186549664
1418	 0	 1	 23.6352980137
1419	 0	 1	 23.6519889832
1420	 0	 1	 23.6686689854
1421	 0	 1	 23.6853070259
1422	 0	 1	 23.701967001
1423	 0	 1	 23.7186069489
1424	 0	 1	 23.7352859974
1425	 0	 1	 23.7519521713
1426	 0	 1	 23.7686181068
1427	 0	 1	 23.7853250504
1428	 0	 1	 23.8022401333
1429	 0	 1	 23.8189280033
1430	 0	 1	 23.8353381157
1431	 0	 1	 23.8519940376
1432	 0	 1	 23.8686351776
1433	 0	 1	 23.8852961063
1434	 0	 1	 23.9019620419
1435	 0	 1	 23.9186310768
1436	 0	 1	 23.9353120327
1437	 0	 1	 23.9519760609
1438	 0	 1	 23.9686381817
1439	 0	 1	 23.9853069782
1440	 0	 1	 24.0019841194
1441	 0	 1	 24.0186481476
1442	 0	 1	 24.0353989601
1443	 0	 1	 24.0520091057
1444	 0	 1	 24.0686759949
1445	 0	 1	 24.0855820179
1446	 0	 1	 24.1022970676
1447	 0	 1	 24.1187791824
1448	 0	 1	 24.1353700161
1449	 0	 1	 24.1520299911
1450	 0	 1	 24.1686980724
1451	 0	 1	 24.1853621006
1452	 0	 1	 24.2020511627
1453	 0	 1	 24.2187051773
1454	 0	 1	 24.2353651524
1455	 0	 1	 24.2520291805
1456	 0	 1	 24.2689511776
1457	 0	 1	 24.2856621742
1458	 0	 1	 24.3021609783
1459	 0	 1	 24.3187179565
1460	 0	 1	 24.3353021145
1461	 0	 1	 24.3520190716
1462	 0	 1	 24.3687331676
1463	 0	 1	 24.3853499889
1464	 0	 1	 24.4020390511
1465	 0	 1	 24.4187190533
1466	 0	 1	 24.4353280067
1467	 0	 1	 24.4520189762
1468	 0	 1	 24.4686830044
1469	 0	 1	 24.4853720665
1470	 0	 1	 24.5020651817
1471	 0	 1	 24.5187139511
1472	 0	 1	 24.535405159
1473	 0	 1	 24.5520560741
1474	 0	 1	 24.5687460899
1475	 0	 1	 24.5853831768
1476	 0	 1	 24.602050066
1477	 0	 1	 24.6187579632
1478	 0	 1	 24.6356010437
1479	 0	 1	 24.6522941589
1480	 0	 1	 24.6687581539
1481	 0	 1	 24.6853649616
1482	 0	 1	 24.7020571232
1483	 0	 1	 24.7186961174
1484	 0	 1	 24.7353570461
1485	 0	 1	 24.7520301342
1486	 0	 1	 24.7687380314
1487	 0	 1	 24.7853741646
1488	 0	 1	 24.8020350933
1489	 0	 1	 24.8187510967
1490	 0	 1	 24.8354010582
1491	 0	 1	 24.852091074
1492	 0	 1	 24.8687009811
1493	 0	 1	 24.8856291771
1494	 0	 1	 24.9023499489
1495	 0	 1	 24.9187979698
1496	 0	 1	 24.9353880882
1497	 0	 1	 24.9520549774
1498	 0	 1	 24.9687311649
1499	 0	 1	 24.9853720665
1500	 0	 1	 25.0020639896
1501	 0	 1	 25.0187389851
1502	 0	 1	 25.035462141
1503	 0	 1	 25.0521140099
1504	 0	 1	 25.0687520504
1505	 0	 1	 25.0854790211
1506	 0	 1	 25.1020750999
1507	 0	 1	 25.1187641621
1508	 0	 1	 25.1354529858
1509	 0	 1	 25.1520960331
1510	 0	 1	 25.1687541008
1511	 0	 1	 25.1854140759
1512	 0	 1	 25.2020821571
1513	 0	 1	 25.2187681198
1514	 0	 1	 25.235435009
1515	 0	 1	 25.252092123
1516	 0	 1	 25.2689659595
1517	 0	 1	 25.2857439518
1518	 0	 1	 25.3022129536
1519	 0	 1	 25.3188250065
1520	 0	 1	 25.3354690075
1521	 0	 1	 25.3521630764
1522	 0	 1	 25.3687989712
1523	 0	 1	 25.3854780197
1524	 0	 1	 25.4021520615
1525	 0	 1	 25.4188289642
1526	 0	 1	 25.4354901314
1527	 0	 1	 25.4521651268
1528	 0	 1	 25.4688401222
1529	 0	 1	 25.4857311249
1530	 0	 1	 25.5024240017
1531	 0	 1	 25.5189061165
1532	 0	 1	 25.5355360508
1533	 0	 1	 25.5521740913
1534	 0	 1	 25.5688071251
1535	 0	 1	 25.5854539871
1536	 0	 1	 25.6021530628
1537	 0	 1	 25.6188461781
1538	 0	 1	 25.6354780197
1539	 0	 1	 25.652215004
1540	 0	 1	 25.6688849926
1541	 0	 1	 25.6857800484
1542	 0	 1	 25.7024049759
1543	 0	 1	 25.7189021111
1544	 0	 1	 25.7355029583
1545	 0	 1	 25.7521500587
1546	 0	 1	 25.7690570354
1547	 0	 1	 25.7857379913
1548	 0	 1	 25.8022129536
1549	 0	 1	 25.8188271523
1550	 0	 1	 25.835488081
1551	 0	 1	 25.8524150848
1552	 0	 1	 25.869079113
1553	 0	 1	 25.8855571747
1554	 0	 1	 25.9021780491
1555	 0	 1	 25.9191000462
1556	 0	 1	 25.9356501102
1557	 0	 1	 25.9522190094
1558	 0	 1	 25.9688429832
1559	 0	 1	 25.9857740402
1560	 0	 1	 26.002464056
1561	 0	 1	 26.018941164
1562	 0	 1	 26.0355730057
1563	 0	 1	 26.0521860123
1564	 0	 1	 26.0688650608
1565	 0	 1	 26.0857801437
1566	 0	 1	 26.1024751663
1567	 0	 1	 26.1189391613
1568	 0	 1	 26.135559082
1569	 0	 1	 26.1522240639
1570	 0	 1	 26.1688909531
1571	 0	 1	 26.1855621338
1572	 0	 1	 26.2022130489
1573	 0	 1	 26.219078064
1574	 0	 1	 26.2357680798
1575	 0	 1	 26.2522799969
1576	 0	 1	 26.268862009
1577	 0	 1	 26.2855420113
1578	 0	 1	 26.3024330139
1579	 0	 1	 26.3189721107
1580	 0	 1	 26.3356189728
1581	 0	 1	 26.3523070812
1582	 0	 1	 26.3689651489
1583	 0	 1	 26.3858480453
1584	 0	 1	 26.4025609493
1585	 0	 1	 26.4190371037
1586	 0	 1	 26.435642004
1587	 0	 1	 26.452270031
1588	 0	 1	 26.469233036
1589	 0	 1	 26.4858419895
1590	 0	 1	 26.5023391247
1591	 0	 1	 26.5189471245
1592	 0	 1	 26.5356380939
1593	 0	 1	 26.5522999763
1594	 0	 1	 26.568955183
1595	 0	 1	 26.5856251717
1596	 0	 1	 26.6022911072
1597	 0	 1	 26.6189780235
1598	 0	 1	 26.635612011
1599	 0	 1	 26.6522879601
1600	 0	 1	 26.6689970493
1601	 0	 1	 26.6856570244
1602	 0	 1	 26.7023441792
1603	 0	 1	 26.7192649841
1604	 0	 1	 26.7359571457
1605	 0	 1	 26.7524001598
1606	 0	 1	 26.7689919472
1607	 0	 1	 26.785859108
1608	 0	 1	 26.8024721146
1609	 0	 1	 26.8190221786
1610	 0	 1	 26.8357479572
1611	 0	 1	 26.8523199558
1612	 0	 1	 26.8689630032
1613	 0	 1	 26.8857109547
1614	 0	 1	 26.9023990631
1615	 0	 1	 26.919301033
1616	 0	 1	 26.9358839989
1617	 0	 1	 26.9524810314
1618	 0	 1	 26.9690260887
1619	 0	 1	 26.9856719971
1620	 0	 1	 27.0023100376
1621	 0	 1	 27.0189919472
1622	 0	 1	 27.035681963
1623	 0	 1	 27.0523440838
1624	 0	 1	 27.0690059662
1625	 0	 1	 27.085695982
1626	 0	 1	 27.1025750637
1627	 0	 1	 27.1193079948
1628	 0	 1	 27.135766983
1629	 0	 1	 27.1524121761
1630	 0	 1	 27.1691200733
1631	 0	 1	 27.1857230663
1632	 0	 1	 27.2026369572
1633	 0	 1	 27.2193169594
1634	 0	 1	 27.2358059883
1635	 0	 1	 27.252407074
1636	 0	 1	 27.269080162
1637	 0	 1	 27.2857079506
1638	 0	 1	 27.3023879528
1639	 0	 1	 27.3192961216
1640	 0	 1	 27.3359091282
1641	 0	 1	 27.3523890972
1642	 0	 1	 27.3690309525
1643	 0	 1	 27.3859319687
1644	 0	 1	 27.4025900364
1645	 0	 1	 27.4190530777
1646	 0	 1	 27.4357039928
1647	 0	 1	 27.4525060654
1648	 0	 1	 27.4691030979
1649	 0	 1	 27.4857110977
1650	 0	 1	 27.5023870468
1651	 0	 1	 27.519340992
1652	 0	 1	 27.5358641148
1653	 0	 1	 27.5524761677
1654	 0	 1	 27.5690710545
1655	 0	 1	 27.5857210159
1656	 0	 1	 27.6023721695
1657	 0	 1	 27.6193170547
1658	 0	 1	 27.6358749866
1659	 0	 1	 27.6524071693
1660	 0	 1	 27.6690580845
1661	 0	 1	 27.6857111454
1662	 0	 1	 27.7026121616
1663	 0	 1	 27.7192120552
1664	 0	 1	 27.7357521057
1665	 0	 1	 27.7524030209
1666	 0	 1	 27.7691760063
1667	 0	 1	 27.785763979
1668	 0	 1	 27.8024179935
1669	 0	 1	 27.8190801144
1670	 0	 1	 27.8357410431
1671	 0	 1	 27.852394104
1672	 0	 1	 27.8690910339
1673	 0	 1	 27.8857460022
1674	 0	 1	 27.9026520252
1675	 0	 1	 27.9194111824
1676	 0	 1	 27.9357540607
1677	 0	 1	 27.9523720741
1678	 0	 1	 27.969050169
1679	 0	 1	 27.9859859943
1680	 0	 1	 28.0025429726
1681	 0	 1	 28.0191049576
1682	 0	 1	 28.0357589722
1683	 0	 1	 28.0524430275
1684	 0	 1	 28.0690910816
1685	 0	 1	 28.0859761238
1686	 0	 1	 28.1026601791
1687	 0	 1	 28.1191241741
1688	 0	 1	 28.1357750893
1689	 0	 1	 28.1524150372
1690	 0	 1	 28.1691100597
1691	 0	 1	 28.1858751774
1692	 0	 1	 28.2024559975
1693	 0	 1	 28.2191081047
1694	 0	 1	 28.2357571125
1695	 0	 1	 28.2524540424
1696	 0	 1	 28.2691030502
1697	 0	 1	 28.2860350609
1698	 0	 1	 28.3026030064
1699	 0	 1	 28.3191580772
1700	 0	 1	 28.3358831406
1701	 0	 1	 28.3524940014
1702	 0	 1	 28.369145155
1703	 0	 1	 28.3858251572
1704	 0	 1	 28.4025139809
1705	 0	 1	 28.4194340706
1706	 0	 1	 28.4359309673
1707	 0	 1	 28.4524891376
1708	 0	 1	 28.4691610336
1709	 0	 1	 28.4859950542
1710	 0	 1	 28.5025279522
1711	 0	 1	 28.5191559792
1712	 0	 1	 28.5358390808
1713	 0	 1	 28.5525281429
1714	 0	 1	 28.5691571236
1715	 0	 1	 28.5858139992
1716	 0	 1	 28.6024870872
1717	 0	 1	 28.6191601753
1718	 0	 1	 28.635830164
1719	 0	 1	 28.6524860859
1720	 0	 1	 28.6691961288
1721	 0	 1	 28.6858539581
1722	 0	 1	 28.7024900913
1723	 0	 1	 28.7191879749
1724	 0	 1	 28.7358529568
1725	 0	 1	 28.7525219917
1726	 0	 1	 28.7691631317
1727	 0	 1	 28.7858891487
1728	 0	 1	 28.8025410175
1729	 0	 1	 28.8194379807
1730	 0	 1	 28.8360750675
1731	 0	 1	 28.8525931835
1732	 0	 1	 28.8691689968
1733	 0	 1	 28.8859660625
1734	 0	 1	 28.9025111198
1735	 0	 1	 28.919200182
1736	 0	 1	 28.9358689785
1737	 0	 1	 28.9525339603
1738	 0	 1	 28.9691951275
1739	 0	 1	 28.9861021042
1740	 0	 1	 29.0025830269
1741	 0	 1	 29.0192050934
1742	 0	 1	 29.0358600616
1743	 0	 1	 29.052749157
1744	 0	 1	 29.0692901611
1745	 0	 1	 29.0859539509
1746	 0	 1	 29.1025891304
1747	 0	 1	 29.1192491055
1748	 0	 1	 29.1359181404
1749	 0	 1	 29.1526081562
1750	 0	 1	 29.1695170403
1751	 0	 1	 29.1861281395
1752	 0	 1	 29.2026381493
1753	 0	 1	 29.2192511559
1754	 0	 1	 29.235888958
1755	 0	 1	 29.2525820732
1756	 0	 1	 29.2692470551
1757	 0	 1	 29.2859280109
1758	 0	 1	 29.3025910854
1759	 0	 1	 29.3192491531
1760	 0	 1	 29.3359110355
1761	 0	 1	 29.3525941372
1762	 0	 1	 29.3692491055
1763	 0	 1	 29.385997057
1764	 0	 1	 29.402616024
1765	 0	 1	 29.4192700386
1766	 0	 1	 29.4361870289
1767	 0	 1	 29.4530069828
1768	 0	 1	 29.4693601131
1769	 0	 1	 29.4859821796
1770	 0	 1	 29.5026040077
1771	 0	 1	 29.5193090439
1772	 0	 1	 29.5359649658
1773	 0	 1	 29.5526440144
1774	 0	 1	 29.5693449974
1775	 0	 1	 29.585999012
1776	 0	 1	 29.6026480198
1777	 0	 1	 29.6193010807
1778	 0	 1	 29.6359989643
1779	 0	 1	 29.6526801586
1780	 0	 1	 29.6693530083
1781	 0	 1	 29.6859631538
1782	 0	 1	 29.7026381493
1783	 0	 1	 29.7193031311
1784	 0	 1	 29.7359549999
1785	 0	 1	 29.7526640892
1786	 0	 1	 29.7693099976
1787	 0	 1	 29.7859940529
1788	 0	 1	 29.8026580811
1789	 0	 1	 29.8193039894
1790	 0	 1	 29.8359780312
1791	 0	 1	 29.852643013
1792	 0	 1	 29.8693330288
1793	 0	 1	 29.8859710693
1794	 0	 1	 29.9026880264
1795	 0	 1	 29.9193520546
1796	 0	 1	 29.9359810352
1797	 0	 1	 29.9526460171
1798	 0	 1	 29.9693210125
1799	 0	 1	 29.9860110283
1800	 0	 1	 30.00268507
1801	 0	 1	 30.0193510056
1802	 0	 1	 30.036055088
1803	 0	 1	 30.0527150631
1804	 0	 1	 30.0693120956
1805	 0	 1	 30.0859651566
1806	 0	 1	 30.1026771069
1807	 0	 1	 30.1196091175
1808	 0	 1	 30.1363861561
1809	 0	 1	 30.1527590752
1810	 0	 1	 30.1693480015
1811	 0	 1	 30.1860210896
1812	 0	 1	 30.2026941776
1813	 0	 1	 30.2203409672
1814	 0	 1	 30.2360391617
1815	 0	 1	 30.2527229786
1816	 0	 1	 30.2693550587
1817	 0	 1	 30.2860300541
1818	 0	 1	 30.3026821613
1819	 0	 1	 30.3193750381
1820	 0	 1	 30.3360230923
1821	 0	 1	 30.3526961803
1822	 0	 1	 30.3693649769
1823	 0	 1	 30.3860201836
1824	 0	 1	 30.4028861523
1825	 0	 1	 30.4196181297
1826	 0	 1	 30.436109066
1827	 0	 1	 30.4527449608
1828	 0	 1	 30.4694120884
1829	 0	 1	 30.4860730171
1830	 0	 1	 30.5027270317
1831	 0	 1	 30.519682169
1832	 0	 1	 30.5362811089
1833	 0	 1	 30.552793026
1834	 0	 1	 30.5693540573
1835	 0	 1	 30.5859920979
1836	 0	 1	 30.6026930809
1837	 0	 1	 30.6193859577
1838	 0	 1	 30.6363191605
1839	 0	 1	 30.6530060768
1840	 0	 1	 30.6695401669
1841	 0	 1	 30.6860280037
1842	 0	 1	 30.7027230263
1843	 0	 1	 30.7195789814
1844	 0	 1	 30.7362229824
1845	 0	 1	 30.752808094
1846	 0	 1	 30.7694261074
1847	 0	 1	 30.7860760689
1848	 0	 1	 30.8027570248
1849	 0	 1	 30.8193809986
1850	 0	 1	 30.836012125
1851	 0	 1	 30.8527901173
1852	 0	 1	 30.8694529533
1853	 0	 1	 30.8863341808
1854	 0	 1	 30.9029760361
1855	 0	 1	 30.9194350243
1856	 0	 1	 30.9360699654
1857	 0	 1	 30.9527001381
1858	 0	 1	 30.9693920612
1859	 0	 1	 30.9860360622
1860	 0	 1	 31.0027430058
1861	 0	 1	 31.0194070339
1862	 0	 1	 31.0361051559
1863	 0	 1	 31.0527670383
1864	 0	 1	 31.0695030689
1865	 0	 1	 31.0860900879
1866	 0	 1	 31.102738142
1867	 0	 1	 31.1194159985
1868	 0	 1	 31.1360931396
1869	 0	 1	 31.152764082
1870	 0	 1	 31.1694259644
1871	 0	 1	 31.1861040592
1872	 0	 1	 31.2028210163
1873	 0	 1	 31.2194621563
1874	 0	 1	 31.2361021042
1875	 0	 1	 31.2528431416
1876	 0	 1	 31.2694950104
1877	 0	 1	 31.2863891125
1878	 0	 1	 31.3030190468
1879	 0	 1	 31.3194730282
1880	 0	 1	 31.3361339569
1881	 0	 1	 31.352782011
1882	 0	 1	 31.3694479465
1883	 0	 1	 31.3861291409
1884	 0	 1	 31.4028091431
1885	 0	 1	 31.4194681644
1886	 0	 1	 31.4361310005
1887	 0	 1	 31.452780962
1888	 0	 1	 31.4697170258
1889	 0	 1	 31.4864599705
1890	 0	 1	 31.5028731823
1891	 0	 1	 31.5195081234
1892	 0	 1	 31.5361289978
1893	 0	 1	 31.5528261662
1894	 0	 1	 31.5695111752
1895	 0	 1	 31.5861439705
1896	 0	 1	 31.6028139591
1897	 0	 1	 31.6195249557
1898	 0	 1	 31.6361651421
1899	 0	 1	 31.6528539658
1900	 0	 1	 31.6694970131
1901	 0	 1	 31.6861860752
1902	 0	 1	 31.7028691769
1903	 0	 1	 31.7195601463
1904	 0	 1	 31.7362520695
1905	 0	 1	 31.7529401779
1906	 0	 1	 31.7695579529
1907	 0	 1	 31.7863149643
1908	 0	 1	 31.8028900623
1909	 0	 1	 31.8196280003
1910	 0	 1	 31.8362121582
1911	 0	 1	 31.8528730869
1912	 0	 1	 31.8695220947
1913	 0	 1	 31.8861961365
1914	 0	 1	 31.9028861523
1915	 0	 1	 31.9195439816
1916	 0	 1	 31.9361801147
1917	 0	 1	 31.9528930187
1918	 0	 1	 31.9696071148
1919	 0	 1	 31.9862191677
1920	 0	 1	 32.0028870106
1921	 0	 1	 32.0195431709
1922	 0	 1	 32.0362701416
1923	 0	 1	 32.0528950691
1924	 0	 1	 32.0695810318
1925	 0	 1	 32.0864901543
1926	 0	 1	 32.1032590866
1927	 0	 1	 32.119658947
1928	 0	 1	 32.1362450123
1929	 0	 1	 32.1529290676
1930	 0	 1	 32.1695921421
1931	 0	 1	 32.1862750053
1932	 0	 1	 32.2029430866
1933	 0	 1	 32.2196061611
1934	 0	 1	 32.2362861633
1935	 0	 1	 32.2529261112
1936	 0	 1	 32.2696170807
1937	 0	 1	 32.286288023
1938	 0	 1	 32.302932024
1939	 0	 1	 32.319630146
1940	 0	 1	 32.3362510204
1941	 0	 1	 32.3529100418
1942	 0	 1	 32.3695681095
1943	 0	 1	 32.3862631321
1944	 0	 1	 32.40290308
1945	 0	 1	 32.4196779728
1946	 0	 1	 32.4363331795
1947	 0	 1	 32.4530110359
1948	 0	 1	 32.4696769714
1949	 0	 1	 32.4863450527
1950	 0	 1	 32.5032689571
1951	 0	 1	 32.5197441578
1952	 0	 1	 32.5363280773
1953	 0	 1	 32.5529391766
1954	 0	 1	 32.569658041
1955	 0	 1	 32.5862870216
1956	 0	 1	 32.6029901505
1957	 0	 1	 32.619615078
1958	 0	 1	 32.6362819672
1959	 0	 1	 32.6530101299
1960	 0	 1	 32.6696679592
1961	 0	 1	 32.6863131523
1962	 0	 1	 32.7033281326
1963	 0	 1	 32.720028162
1964	 0	 1	 32.7363951206
1965	 0	 1	 32.7530009747
1966	 0	 1	 32.7696330547
1967	 0	 1	 32.7864031792
1968	 0	 1	 32.803011179
1969	 0	 1	 32.8196699619
1970	 0	 1	 32.8363320827
1971	 0	 1	 32.8530020714
1972	 0	 1	 32.8696551323
1973	 0	 1	 32.8863241673
1974	 0	 1	 32.903028965
1975	 0	 1	 32.9196851254
1976	 0	 1	 32.9362809658
1977	 0	 1	 32.9529750347
1978	 0	 1	 32.9696531296
1979	 0	 1	 32.9863090515
1980	 0	 1	 33.0030031204
1981	 0	 1	 33.0197570324
1982	 0	 1	 33.0363819599
1983	 0	 1	 33.0530669689
1984	 0	 1	 33.069933176
1985	 0	 1	 33.0865590572
1986	 0	 1	 33.1030371189
1987	 0	 1	 33.1196670532
1988	 0	 1	 33.136370182
1989	 0	 1	 33.1532671452
1990	 0	 1	 33.1697950363
1991	 0	 1	 33.186398983
1992	 0	 1	 33.2030620575
1993	 0	 1	 33.2199800014
1994	 0	 1	 33.2365219593
1995	 0	 1	 33.2530629635
1996	 0	 1	 33.2696859837
1997	 0	 1	 33.2863361835
1998	 0	 1	 33.3033630848
1999	 0	 1	 33.3199679852
2000	 0	 1	 33.3364679813
2001	 0	 1	 33.3530609608
2002	 0	 1	 33.3698601723
2003	 0	 1	 33.3864710331
2004	 0	 1	 33.4031670094
2005	 0	 1	 33.419711113
2006	 0	 1	 33.4363350868
2007	 0	 1	 33.4530169964
2008	 0	 1	 33.4696950912
2009	 0	 1	 33.4863650799
2010	 0	 1	 33.5030360222
2011	 0	 1	 33.5196969509
2012	 0	 1	 33.536367178
2013	 0	 1	 33.5530221462
2014	 0	 1	 33.5697240829
2015	 0	 1	 33.5863749981
2016	 0	 1	 33.6033251286
2017	 0	 1	 33.6199891567
2018	 0	 1	 33.6364700794
2019	 0	 1	 33.6530451775
2020	 0	 1	 33.6697220802
2021	 0	 1	 33.6865961552
2022	 0	 1	 33.7032241821
2023	 0	 1	 33.7197899818
2024	 0	 1	 33.736413002
2025	 0	 1	 33.7537579536
2026	 0	 1	 33.7697281837
2027	 0	 1	 33.7869451046
2028	 0	 1	 33.8030929565
2029	 0	 1	 33.8197309971
2030	 0	 1	 33.8364520073
2031	 0	 1	 33.8532581329
2032	 0	 1	 33.8697919846
2033	 0	 1	 33.8867480755
2034	 0	 1	 33.9035861492
2035	 0	 1	 33.9198050499
2036	 0	 1	 33.9364280701
2037	 0	 1	 33.9531309605
2038	 0	 1	 33.9697520733
2039	 0	 1	 33.986426115
2040	 0	 1	 34.0030989647
2041	 0	 1	 34.0198049545
2042	 0	 1	 34.0365021229
2043	 0	 1	 34.0531980991
2044	 0	 1	 34.0697920322
2045	 0	 1	 34.0877180099
2046	 0	 1	 34.1031401157
2047	 0	 1	 34.1200110912
2048	 0	 1	 34.1367249489
2049	 0	 1	 34.1531620026
2050	 0	 1	 34.1739640236
2051	 0	 1	 34.1864919662
2052	 0	 1	 34.205039978
2053	 0	 1	 34.2197799683
2054	 0	 1	 34.2381160259
2055	 0	 1	 34.2531061172
2056	 0	 1	 34.269755125
2057	 0	 1	 34.2864620686
2058	 0	 1	 34.3031320572
2059	 0	 1	 34.3226499557
2060	 0	 1	 34.3365199566
2061	 0	 1	 34.3532130718
2062	 0	 1	 34.3699500561
2063	 0	 1	 34.3865389824
2064	 0	 1	 34.4032640457
2065	 0	 1	 34.419875145
2066	 0	 1	 34.436563015
2067	 0	 1	 34.4531719685
2068	 0	 1	 34.4698619843
2069	 0	 1	 34.4865541458
2070	 0	 1	 34.5032470226
2071	 0	 1	 34.5198819637
2072	 0	 1	 34.5365409851
2073	 0	 1	 34.5531990528
2074	 0	 1	 34.5698971748
2075	 0	 1	 34.586577177
2076	 0	 1	 34.6052970886
2077	 0	 1	 34.6198899746
2078	 0	 1	 34.6366121769
2079	 0	 1	 34.6532731056
2080	 0	 1	 34.6699199677
2081	 0	 1	 34.686578989
2082	 0	 1	 34.7034561634
2083	 0	 1	 34.7199630737
2084	 0	 1	 34.7365579605
2085	 0	 1	 34.7532131672
2086	 0	 1	 34.7698760033
2087	 0	 1	 34.786771059
2088	 0	 1	 34.8033671379
2089	 0	 1	 34.8199210167
2090	 0	 1	 34.8365650177
2091	 0	 1	 34.853219986
2092	 0	 1	 34.8701541424
2093	 0	 1	 34.8868041039
2094	 0	 1	 34.9033341408
2095	 0	 1	 34.9198980331
2096	 0	 1	 34.9365301132
2097	 0	 1	 34.9534430504
2098	 0	 1	 34.9700191021
2099	 0	 1	 34.9865870476
2100	 0	 1	 35.0032441616
2101	 0	 1	 35.0200591087
2102	 0	 1	 35.0366411209
2103	 0	 1	 35.053663969
2104	 0	 1	 35.0699031353
2105	 0	 1	 35.0865440369
2106	 0	 1	 35.1031901836
2107	 0	 1	 35.1198611259
2108	 0	 1	 35.1365499496
2109	 0	 1	 35.1532001495
2110	 0	 1	 35.1698970795
2111	 0	 1	 35.1865611076
2112	 0	 1	 35.2032520771
2113	 0	 1	 35.2199251652
2114	 0	 1	 35.2365729809
2115	 0	 1	 35.2532529831
2116	 0	 1	 35.2699129581
2117	 0	 1	 35.2865769863
2118	 0	 1	 35.3032419682
2119	 0	 1	 35.3199269772
2120	 0	 1	 35.3365650177
2121	 0	 1	 35.3531930447
2122	 0	 1	 35.3698351383
2123	 0	 1	 35.3865160942
2124	 0	 1	 35.4032051563
2125	 0	 1	 35.4198541641
2126	 0	 1	 35.4365410805
2127	 0	 1	 35.4532301426
2128	 0	 1	 35.4698929787
2129	 0	 1	 35.4865570068
2130	 0	 1	 35.5032310486
2131	 0	 1	 35.5199661255
2132	 0	 1	 35.5366699696
2133	 0	 1	 35.5533611774
2134	 0	 1	 35.5699651241
2135	 0	 1	 35.5866639614
2136	 0	 1	 35.6033110619
2137	 0	 1	 35.61997509
2138	 0	 1	 35.6366281509
2139	 0	 1	 35.6533131599
2140	 0	 1	 35.6699850559
2141	 0	 1	 35.6866440773
2142	 0	 1	 35.703305006
2143	 0	 1	 35.719987154
2144	 0	 1	 35.7366490364
2145	 0	 1	 35.7533149719
2146	 0	 1	 35.7699861526
2147	 0	 1	 35.7866649628
2148	 0	 1	 35.8033261299
2149	 0	 1	 35.8199901581
2150	 0	 1	 35.8366539478
2151	 0	 1	 35.8533811569
2152	 0	 1	 35.8700101376
2153	 0	 1	 35.8866670132
2154	 0	 1	 35.9033529758
2155	 0	 1	 35.9200031757
2156	 0	 1	 35.9366831779
2157	 0	 1	 35.9533450603
2158	 0	 1	 35.9700081348
2159	 0	 1	 35.9866969585
2160	 0	 1	 36.0034120083
2161	 0	 1	 36.0200109482
2162	 0	 1	 36.0367319584
2163	 0	 1	 36.0533771515
2164	 0	 1	 36.0700490475
2165	 0	 1	 36.0867111683
2166	 0	 1	 36.1033740044
2167	 0	 1	 36.1202759743
2168	 0	 1	 36.1369431019
2169	 0	 1	 36.1534399986
2170	 0	 1	 36.1700630188
2171	 0	 1	 36.1867110729
2172	 0	 1	 36.2036111355
2173	 0	 1	 36.2202870846
2174	 0	 1	 36.2368750572
2175	 0	 1	 36.2537629604
2176	 0	 1	 36.270045042
2177	 0	 1	 36.286689043
2178	 0	 1	 36.3033850193
2179	 0	 1	 36.3200521469
2180	 0	 1	 36.3367590904
2181	 0	 1	 36.3535721302
2182	 0	 1	 36.3704931736
2183	 0	 1	 36.3866901398
2184	 0	 1	 36.4033830166
2185	 0	 1	 36.4203360081
2186	 0	 1	 36.437016964
2187	 0	 1	 36.4534070492
2188	 0	 1	 36.4708600044
2189	 0	 1	 36.4873120785
2190	 0	 1	 36.5033919811
2191	 0	 1	 36.5200581551
2192	 0	 1	 36.5367150307
2193	 0	 1	 36.5536050797
2194	 0	 1	 36.570291996
2195	 0	 1	 36.5868051052
2196	 0	 1	 36.6034350395
2197	 0	 1	 36.6204030514
2198	 0	 1	 36.637032032
2199	 0	 1	 36.6534659863
2200	 0	 1	 36.6713001728
2201	 0	 1	 36.6867470741
2202	 0	 1	 36.7034351826
2203	 0	 1	 36.7202990055
2204	 0	 1	 36.7369730473
2205	 0	 1	 36.7534971237
2206	 0	 1	 36.7700960636
2207	 0	 1	 36.7867460251
2208	 0	 1	 36.8036301136
2209	 0	 1	 36.8202049732
2210	 0	 1	 36.8367891312
2211	 0	 1	 36.853399992
2212	 0	 1	 36.8701131344
2213	 0	 1	 36.886988163
2214	 0	 1	 36.9035961628
2215	 0	 1	 36.9201619625
2216	 0	 1	 36.9367861748
2217	 0	 1	 36.9534599781
2218	 0	 1	 36.9700751305
2219	 0	 1	 36.986798048
2220	 0	 1	 37.0034110546
2221	 0	 1	 37.0201079845
2222	 0	 1	 37.0367920399
2223	 0	 1	 37.0535051823
2224	 0	 1	 37.0700600147
2225	 0	 1	 37.0867230892
2226	 0	 1	 37.1034080982
2227	 0	 1	 37.1200761795
2228	 0	 1	 37.1367490292
2229	 0	 1	 37.1534221172
2230	 0	 1	 37.1701011658
2231	 0	 1	 37.1867640018
2232	 0	 1	 37.2034399509
2233	 0	 1	 37.2201170921
2234	 0	 1	 37.2367770672
2235	 0	 1	 37.2534401417
2236	 0	 1	 37.2701370716
2237	 0	 1	 37.2868070602
2238	 0	 1	 37.3035340309
2239	 0	 1	 37.3202171326
2240	 0	 1	 37.336838007
2241	 0	 1	 37.3534879684
2242	 0	 1	 37.3701779842
2243	 0	 1	 37.3870420456
2244	 0	 1	 37.403676033
2245	 0	 1	 37.4201979637
2246	 0	 1	 37.4368259907
2247	 0	 1	 37.4534740448
2248	 0	 1	 37.4703669548
2249	 0	 1	 37.487126112
2250	 0	 1	 37.5035700798
2251	 0	 1	 37.5201900005
2252	 0	 1	 37.5369641781
2253	 0	 1	 37.5535199642
2254	 0	 1	 37.5702021122
2255	 0	 1	 37.5868551731
2256	 0	 1	 37.6035189629
2257	 0	 1	 37.6204099655
2258	 0	 1	 37.6370790005
2259	 0	 1	 37.6535990238
2260	 0	 1	 37.6702239513
2261	 0	 1	 37.6868760586
2262	 0	 1	 37.7035360336
2263	 0	 1	 37.7201821804
2264	 0	 1	 37.7369191647
2265	 0	 1	 37.753510952
2266	 0	 1	 37.7701790333
2267	 0	 1	 37.786962986
2268	 0	 1	 37.803538084
2269	 0	 1	 37.8201880455
2270	 0	 1	 37.8396310806
2271	 0	 1	 37.853798151
2272	 0	 1	 37.8702681065
2273	 0	 1	 37.8869121075
2274	 0	 1	 37.9035310745
2275	 0	 1	 37.9203131199
2276	 0	 1	 37.9369029999
2277	 0	 1	 37.9535720348
2278	 0	 1	 37.9702370167
2279	 0	 1	 37.9869201183
2280	 0	 1	 38.0035631657
2281	 0	 1	 38.0202460289
2282	 0	 1	 38.0369451046
2283	 0	 1	 38.0535700321
2284	 0	 1	 38.0702590942
2285	 0	 1	 38.0869159698
2286	 0	 1	 38.1035881042
2287	 0	 1	 38.1202991009
2288	 0	 1	 38.136950016
2289	 0	 1	 38.1536049843
2290	 0	 1	 38.1705269814
2291	 0	 1	 38.187278986
2292	 0	 1	 38.2065811157
2293	 0	 1	 38.2203149796
2294	 0	 1	 38.236946106
2295	 0	 1	 38.2535991669
2296	 0	 1	 38.2702450752
2297	 0	 1	 38.2872180939
2298	 0	 1	 38.3038551807
2299	 0	 1	 38.3204159737
2300	 0	 1	 38.3369321823
2301	 0	 1	 38.3535821438
2302	 0	 1	 38.3702731133
2303	 0	 1	 38.3868999481
2304	 0	 1	 38.4035880566
2305	 0	 1	 38.4202921391
2306	 0	 1	 38.4369380474
2307	 0	 1	 38.4535441399
2308	 0	 1	 38.4702351093
2309	 0	 1	 38.4869849682
2310	 0	 1	 38.5035660267
2311	 0	 1	 38.5202851295
2312	 0	 1	 38.5368981361
2313	 0	 1	 38.5535759926
2314	 0	 1	 38.5702941418
2315	 0	 1	 38.5871310234
2316	 0	 1	 38.6090190411
2317	 0	 1	 38.6203279495
2318	 0	 1	 38.6370301247
2319	 0	 1	 38.6536800861
2320	 0	 1	 38.6703050137
2321	 0	 1	 38.6869831085
2322	 0	 1	 38.7036890984
2323	 0	 1	 38.7203431129
2324	 0	 1	 38.736989975
2325	 0	 1	 38.7537121773
2326	 0	 1	 38.7703461647
2327	 0	 1	 38.7870121002
2328	 0	 1	 38.8037540913
2329	 0	 1	 38.8203601837
2330	 0	 1	 38.8370511532
2331	 0	 1	 38.8536701202
2332	 0	 1	 38.8703680038
2333	 0	 1	 38.8870480061
2334	 0	 1	 38.9039349556
2335	 0	 1	 38.9205970764
2336	 0	 1	 38.9370510578
2337	 0	 1	 38.9537229538
2338	 0	 1	 38.9703991413
2339	 0	 1	 38.9870650768
2340	 0	 1	 39.0037100315
2341	 0	 1	 39.0203840733
2342	 0	 1	 39.0370240211
2343	 0	 1	 39.0537130833
2344	 0	 1	 39.0703959465
2345	 0	 1	 39.0871119499
2346	 0	 1	 39.1039719582
2347	 0	 1	 39.1206140518
2348	 0	 1	 39.1371541023
2349	 0	 1	 39.1537160873
2350	 0	 1	 39.1705091
2351	 0	 1	 39.1872141361
2352	 0	 1	 39.2058620453
2353	 0	 1	 39.220416069
2354	 0	 1	 39.2372910976
2355	 0	 1	 39.2554521561
2356	 0	 1	 39.2704470158
2357	 0	 1	 39.2870900631
2358	 0	 1	 39.3037660122
2359	 0	 1	 39.3204190731
2360	 0	 1	 39.3370580673
2361	 0	 1	 39.3537120819
2362	 0	 1	 39.3704061508
2363	 0	 1	 39.3873109818
2364	 0	 1	 39.4039280415
2365	 0	 1	 39.4205019474
2366	 0	 1	 39.4370701313
2367	 0	 1	 39.4537250996
2368	 0	 1	 39.4705481529
2369	 0	 1	 39.4872410297
2370	 0	 1	 39.5037591457
2371	 0	 1	 39.5203821659
2372	 0	 1	 39.5370790958
2373	 0	 1	 39.5537250042
2374	 0	 1	 39.5704050064
2375	 0	 1	 39.5873320103
2376	 0	 1	 39.6039791107
2377	 0	 1	 39.6204440594
2378	 0	 1	 39.63717103
2379	 0	 1	 39.6537320614
2380	 0	 1	 39.6705060005
2381	 0	 1	 39.6871321201
2382	 0	 1	 39.7037451267
2383	 0	 1	 39.7206130028
2384	 0	 1	 39.737208128
2385	 0	 1	 39.7537670135
2386	 0	 1	 39.7704780102
2387	 0	 1	 39.7871000767
2388	 0	 1	 39.8038511276
2389	 0	 1	 39.8204441071
2390	 0	 1	 39.8370990753
2391	 0	 1	 39.8537449837
2392	 0	 1	 39.8706221581
2393	 0	 1	 39.8872480392
2394	 0	 1	 39.9037680626
2395	 0	 1	 39.9204981327
2396	 0	 1	 39.9371180534
2397	 0	 1	 39.9537470341
2398	 0	 1	 39.9707360268
2399	 0	 1	 39.9873430729
2400	 0	 1	 40.0038890839
2401	 0	 1	 40.0204541683
2402	 0	 1	 40.0371751785
2403	 0	 1	 40.0537929535
2404	 0	 1	 40.0704641342
2405	 0	 1	 40.0871479511
2406	 0	 1	 40.1037871838
2407	 0	 1	 40.1204769611
2408	 0	 1	 40.1371421814
2409	 0	 1	 40.1537771225
2410	 0	 1	 40.1704630852
2411	 0	 1	 40.1871211529
2412	 0	 1	 40.2037789822
2413	 0	 1	 40.2204511166
2414	 0	 1	 40.237375021
2415	 0	 1	 40.2540800571
2416	 0	 1	 40.2705671787
2417	 0	 1	 40.2871451378
2418	 0	 1	 40.3039240837
2419	 0	 1	 40.320567131
2420	 0	 1	 40.3371629715
2421	 0	 1	 40.3538269997
2422	 0	 1	 40.3705050945
2423	 0	 1	 40.3871619701
2424	 0	 1	 40.4039070606
2425	 0	 1	 40.4204871655
2426	 0	 1	 40.4371750355
2427	 0	 1	 40.4538290501
2428	 0	 1	 40.4707331657
2429	 0	 1	 40.4874460697
2430	 0	 1	 40.5039291382
2431	 0	 1	 40.5205490589
2432	 0	 1	 40.5371670723
2433	 0	 1	 40.5538210869
2434	 0	 1	 40.5704960823
2435	 0	 1	 40.5871679783
2436	 0	 1	 40.6038229465
2437	 0	 1	 40.620511055
2438	 0	 1	 40.6371901035
2439	 0	 1	 40.6538541317
2440	 0	 1	 40.6705181599
2441	 0	 1	 40.6872041225
2442	 0	 1	 40.7038600445
2443	 0	 1	 40.7205331326
2444	 0	 1	 40.7372009754
2445	 0	 1	 40.753893137
2446	 0	 1	 40.7705271244
2447	 0	 1	 40.7872459888
2448	 0	 1	 40.8041679859
2449	 0	 1	 40.8208150864
2450	 0	 1	 40.8373069763
2451	 0	 1	 40.8539030552
2452	 0	 1	 40.8705711365
2453	 0	 1	 40.8872451782
2454	 0	 1	 40.9038910866
2455	 0	 1	 40.9205391407
2456	 0	 1	 40.9372801781
2457	 0	 1	 40.9539470673
2458	 0	 1	 40.9706089497
2459	 0	 1	 40.9872920513
2460	 0	 1	 41.0039181709
2461	 0	 1	 41.0205631256
2462	 0	 1	 41.0373079777
2463	 0	 1	 41.0538911819
2464	 0	 1	 41.0706000328
2465	 0	 1	 41.0872910023
2466	 0	 1	 41.1040689945
2467	 0	 1	 41.1208369732
2468	 0	 1	 41.1374270916
2469	 0	 1	 41.1539230347
2470	 0	 1	 41.1705780029
2471	 0	 1	 41.1872651577
2472	 0	 1	 41.2041599751
2473	 0	 1	 41.2208411694
2474	 0	 1	 41.2373390198
2475	 0	 1	 41.2539479733
2476	 0	 1	 41.2706260681
2477	 0	 1	 41.2872700691
2478	 0	 1	 41.3039040565
2479	 0	 1	 41.3205690384
2480	 0	 1	 41.3374731541
2481	 0	 1	 41.3541390896
2482	 0	 1	 41.3706381321
2483	 0	 1	 41.3872301579
2484	 0	 1	 41.4039139748
2485	 0	 1	 41.4205880165
2486	 0	 1	 41.4374289513
2487	 0	 1	 41.454087019
2488	 0	 1	 41.4706161022
2489	 0	 1	 41.4873800278
2490	 0	 1	 41.5039520264
2491	 0	 1	 41.5207221508
2492	 0	 1	 41.5373580456
2493	 0	 1	 41.5539360046
2494	 0	 1	 41.5705850124
2495	 0	 1	 41.5872261524
2496	 0	 1	 41.6039149761
2497	 0	 1	 41.6205980778
2498	 0	 1	 41.6372289658
2499	 0	 1	 41.6539201736
2500	 0	 1	 41.6705920696
2501	 0	 1	 41.6875090599
2502	 0	 1	 41.7042520046
2503	 0	 1	 41.7207040787
2504	 0	 1	 41.7373239994
2505	 0	 1	 41.7539730072
2506	 0	 1	 41.7706620693
2507	 0	 1	 41.7873251438
2508	 0	 1	 41.80422616
2509	 0	 1	 41.8209381104
2510	 0	 1	 41.8373911381
2511	 0	 1	 41.8540270329
2512	 0	 1	 41.8706641197
2513	 0	 1	 41.8873691559
2514	 0	 1	 41.9040360451
2515	 0	 1	 41.9207150936
2516	 0	 1	 41.9374260902
2517	 0	 1	 41.9540770054
2518	 0	 1	 41.9707641602
2519	 0	 1	 41.9874000549
2520	 0	 1	 42.0040671825
2521	 0	 1	 42.0207290649
2522	 0	 1	 42.0374150276
2523	 0	 1	 42.0541069508
2524	 0	 1	 42.0707480907
2525	 0	 1	 42.0874800682
2526	 0	 1	 42.1040689945
2527	 0	 1	 42.1207380295
2528	 0	 1	 42.1373980045
2529	 0	 1	 42.1540570259
2530	 0	 1	 42.1707401276
2531	 0	 1	 42.1874191761
2532	 0	 1	 42.2040631771
2533	 0	 1	 42.2207109928
2534	 0	 1	 42.2373650074
2535	 0	 1	 42.2540690899
2536	 0	 1	 42.270950079
2537	 0	 1	 42.2876091003
2538	 0	 1	 42.3040890694
2539	 0	 1	 42.3207349777
2540	 0	 1	 42.3375611305
2541	 0	 1	 42.3541071415
2542	 0	 1	 42.370704174
2543	 0	 1	 42.3873770237
2544	 0	 1	 42.4040181637
2545	 0	 1	 42.4209001064
2546	 0	 1	 42.4376220703
2547	 0	 1	 42.4541110992
2548	 0	 1	 42.4707109928
2549	 0	 1	 42.4875741005
2550	 0	 1	 42.504212141
2551	 0	 1	 42.5208351612
2552	 0	 1	 42.5374400616
2553	 0	 1	 42.5540781021
2554	 0	 1	 42.5707380772
2555	 0	 1	 42.5874359608
2556	 0	 1	 42.604113102
2557	 0	 1	 42.6207780838
2558	 0	 1	 42.6376481056
2559	 0	 1	 42.6542890072
2560	 0	 1	 42.6708080769
2561	 0	 1	 42.6874079704
2562	 0	 1	 42.7040290833
2563	 0	 1	 42.7207009792
2564	 0	 1	 42.737593174
2565	 0	 1	 42.7542769909
2566	 0	 1	 42.770758152
2567	 0	 1	 42.7874879837
2568	 0	 1	 42.8040680885
2569	 0	 1	 42.8207061291
2570	 0	 1	 42.8376071453
2571	 0	 1	 42.8541970253
2572	 0	 1	 42.8707871437
2573	 0	 1	 42.8874270916
2574	 0	 1	 42.9040501118
2575	 0	 1	 42.9207530022
2576	 0	 1	 42.93759799
2577	 0	 1	 42.9543089867
2578	 0	 1	 42.9708101749
2579	 0	 1	 42.9874639511
2580	 0	 1	 43.0041050911
2581	 0	 1	 43.0207560062
2582	 0	 1	 43.0374741554
2583	 0	 1	 43.0541050434
2584	 0	 1	 43.0707330704
2585	 0	 1	 43.0874221325
2586	 0	 1	 43.1040990353
2587	 0	 1	 43.1207580566
2588	 0	 1	 43.1374430656
2589	 0	 1	 43.1541750431
2590	 0	 1	 43.1707940102
2591	 0	 1	 43.1874921322
2592	 0	 1	 43.2041749954
2593	 0	 1	 43.2207951546
2594	 0	 1	 43.237486124
2595	 0	 1	 43.2541799545
2596	 0	 1	 43.2708051205
2597	 0	 1	 43.2875201702
2598	 0	 1	 43.3041670322
2599	 0	 1	 43.3208670616
2600	 0	 1	 43.3375480175
2601	 0	 1	 43.3541991711
2602	 0	 1	 43.3708591461
2603	 0	 1	 43.3874981403
2604	 0	 1	 43.4041781425
2605	 0	 1	 43.4208259583
2606	 0	 1	 43.4374940395
2607	 0	 1	 43.4542119503
2608	 0	 1	 43.4710941315
2609	 0	 1	 43.4877431393
2610	 0	 1	 43.5042901039
2611	 0	 1	 43.5208849907
2612	 0	 1	 43.5375740528
2613	 0	 1	 43.5542089939
2614	 0	 1	 43.5708739758
2615	 0	 1	 43.5875041485
2616	 0	 1	 43.6041991711
2617	 0	 1	 43.6208751202
2618	 0	 1	 43.6375601292
2619	 0	 1	 43.6542210579
2620	 0	 1	 43.6711540222
2621	 0	 1	 43.6877679825
2622	 0	 1	 43.7043261528
2623	 0	 1	 43.7209229469
2624	 0	 1	 43.7376019955
2625	 0	 1	 43.7542560101
2626	 0	 1	 43.7708861828
2627	 0	 1	 43.7878301144
2628	 0	 1	 43.8045840263
2629	 0	 1	 43.8209841251
2630	 0	 1	 43.8375849724
2631	 0	 1	 43.8544850349
2632	 0	 1	 43.8710510731
2633	 0	 1	 43.8875620365
2634	 0	 1	 43.9042241573
2635	 0	 1	 43.9208819866
2636	 0	 1	 43.9375851154
2637	 0	 1	 43.9542441368
2638	 0	 1	 43.9709031582
2639	 0	 1	 43.9875600338
2640	 0	 0	 44.0042440891
