frame_number	 sync_in1	 sync_in2	 time_stamp
1	 0	 1	 0.0159940719604
2	 0	 1	 0.0325660705566
3	 0	 1	 0.049243927002
4	 0	 1	 0.0661950111389
5	 0	 1	 0.0826959609985
6	 0	 1	 0.0992569923401
7	 0	 1	 0.115871906281
8	 0	 1	 0.132543087006
9	 0	 1	 0.149225950241
10	 0	 1	 0.165894031525
11	 0	 1	 0.182549953461
12	 0	 1	 0.199213981628
13	 0	 1	 0.215893030167
14	 0	 1	 0.232560873032
15	 0	 1	 0.249225854874
16	 0	 1	 0.265888929367
17	 0	 1	 0.28257393837
18	 0	 1	 0.299239873886
19	 0	 1	 0.315897941589
20	 0	 1	 0.332558870316
21	 0	 1	 0.34924697876
22	 0	 1	 0.365910053253
23	 0	 1	 0.382580041885
24	 0	 1	 0.39924287796
25	 0	 1	 0.415920972824
26	 0	 1	 0.432579994202
27	 0	 1	 0.449246883392
28	 0	 1	 0.46591591835
29	 0	 1	 0.482584953308
30	 0	 1	 0.499260902405
31	 0	 1	 0.516063928604
32	 0	 1	 0.532656908035
33	 0	 1	 0.549274921417
34	 0	 1	 0.565936088562
35	 0	 1	 0.582598924637
36	 0	 1	 0.59926199913
37	 0	 1	 0.615926027298
38	 0	 1	 0.632616996765
39	 0	 1	 0.649277925491
40	 0	 1	 0.665936946869
41	 0	 1	 0.682600021362
42	 0	 1	 0.699280023575
43	 0	 1	 0.71594786644
44	 0	 1	 0.732617855072
45	 0	 1	 0.749273061752
46	 0	 1	 0.766042947769
47	 0	 1	 0.782660007477
48	 0	 1	 0.799355983734
49	 0	 1	 0.816008090973
50	 0	 1	 0.832701921463
51	 0	 1	 0.849356889725
52	 0	 1	 0.866106987
53	 0	 1	 0.882719993591
54	 0	 1	 0.899374961853
55	 0	 1	 0.916028022766
56	 0	 1	 0.932698965073
57	 0	 1	 0.94936299324
58	 0	 1	 0.966125965118
59	 0	 1	 0.982738018036
60	 0	 1	 0.999372959137
61	 0	 1	 1.0160279274
62	 0	 1	 1.03270292282
63	 0	 1	 1.0493850708
64	 0	 1	 1.06612491608
65	 0	 1	 1.08274197578
66	 0	 1	 1.09937500954
67	 0	 1	 1.11605787277
68	 0	 1	 1.13272190094
69	 0	 1	 1.14938592911
70	 0	 1	 1.16604685783
71	 0	 1	 1.18273591995
72	 0	 1	 1.19940185547
73	 0	 1	 1.2161450386
74	 0	 1	 1.23275709152
75	 0	 1	 1.24941706657
76	 0	 1	 1.26606607437
77	 0	 1	 1.28273200989
78	 0	 1	 1.29939389229
79	 0	 1	 1.31616306305
80	 0	 1	 1.33277702332
81	 0	 1	 1.34942102432
82	 0	 1	 1.36606907845
83	 0	 1	 1.38276290894
84	 0	 1	 1.39942407608
85	 0	 1	 1.41608190536
86	 0	 1	 1.43274497986
87	 0	 1	 1.44942903519
88	 0	 1	 1.46609091759
89	 0	 1	 1.48275494576
90	 0	 1	 1.49941396713
91	 0	 1	 1.51610207558
92	 0	 1	 1.53277206421
93	 0	 1	 1.54941701889
94	 0	 1	 1.56617903709
95	 0	 1	 1.58281207085
96	 0	 1	 1.59942102432
97	 0	 1	 1.61606907845
98	 0	 1	 1.63273286819
99	 0	 1	 1.64942002296
100	 0	 1	 1.66608285904
101	 0	 1	 1.68274497986
102	 0	 1	 1.69941186905
103	 0	 1	 1.71608901024
104	 0	 1	 1.73275589943
105	 0	 1	 1.74942302704
106	 0	 1	 1.76608204842
107	 0	 1	 1.78276491165
108	 0	 1	 1.79945492744
109	 0	 1	 1.81610894203
110	 0	 1	 1.83277988434
111	 0	 1	 1.84944200516
112	 0	 1	 1.8661210537
113	 0	 1	 1.88278603554
114	 0	 1	 1.89944887161
115	 0	 1	 1.9162569046
116	 0	 1	 1.93285489082
117	 0	 1	 1.94948101044
118	 0	 1	 1.96612501144
119	 0	 1	 1.98278903961
120	 0	 1	 1.99947595596
121	 0	 1	 2.01621699333
122	 0	 1	 2.03283405304
123	 0	 1	 2.04948806763
124	 0	 1	 2.0661380291
125	 0	 1	 2.08281707764
126	 0	 1	 2.09947490692
127	 0	 1	 2.11613607407
128	 0	 1	 2.13281702995
129	 0	 1	 2.14948701859
130	 0	 1	 2.16615200043
131	 0	 1	 2.18281292915
132	 0	 1	 2.19949388504
133	 0	 1	 2.21615791321
134	 0	 1	 2.23282194138
135	 0	 1	 2.24948906898
136	 0	 1	 2.2661819458
137	 0	 1	 2.28284692764
138	 0	 1	 2.29950094223
139	 0	 1	 2.31616687775
140	 0	 1	 2.33284807205
141	 0	 1	 2.3495080471
142	 0	 1	 2.36616897583
143	 0	 1	 2.38283991814
144	 0	 1	 2.39950799942
145	 0	 1	 2.41618704796
146	 0	 1	 2.43284893036
147	 0	 1	 2.44951295853
148	 0	 1	 2.46618008614
149	 0	 1	 2.48286485672
150	 0	 1	 2.49952697754
151	 0	 1	 2.51619505882
152	 0	 1	 2.53285288811
153	 0	 1	 2.54951906204
154	 0	 1	 2.56620192528
155	 0	 1	 2.5828640461
156	 0	 1	 2.59952807426
157	 0	 1	 2.61698889732
158	 0	 1	 2.63289999962
159	 0	 1	 2.64954185486
160	 0	 1	 2.66619586945
161	 0	 1	 2.68288087845
162	 0	 1	 2.69954800606
163	 0	 1	 2.71621489525
164	 0	 1	 2.73288106918
165	 0	 1	 2.74958395958
166	 0	 1	 2.76622104645
167	 0	 1	 2.78289198875
168	 0	 1	 2.79951906204
169	 0	 1	 2.81619501114
170	 0	 1	 2.83285903931
171	 0	 1	 2.84952187538
172	 0	 1	 2.86618208885
173	 0	 1	 2.88287091255
174	 0	 1	 2.89953494072
175	 0	 1	 2.91618704796
176	 0	 1	 2.93286108971
177	 0	 1	 2.94952607155
178	 0	 1	 2.96634793282
179	 0	 1	 2.9829518795
180	 0	 1	 2.99958205223
181	 0	 1	 3.0162460804
182	 0	 1	 3.03289699554
183	 0	 1	 3.04954504967
184	 0	 1	 3.06618690491
185	 0	 1	 3.08284687996
186	 0	 1	 3.0995259285
187	 0	 1	 3.11619496346
188	 0	 1	 3.13286089897
189	 0	 1	 3.14951896667
190	 0	 1	 3.16620087624
191	 0	 1	 3.18286705017
192	 0	 1	 3.19953298569
193	 0	 1	 3.21639800072
194	 0	 1	 3.23292088509
195	 0	 1	 3.24954295158
196	 0	 1	 3.26620197296
197	 0	 1	 3.28287386894
198	 0	 1	 3.29955792427
199	 0	 1	 3.3162150383
200	 0	 1	 3.33287906647
201	 0	 1	 3.34954190254
202	 0	 1	 3.36622691154
203	 0	 1	 3.38289308548
204	 0	 1	 3.39955687523
205	 0	 1	 3.41621589661
206	 0	 1	 3.43289899826
207	 0	 1	 3.44956588745
208	 0	 1	 3.46624302864
209	 0	 1	 3.48289108276
210	 0	 1	 3.4995610714
211	 0	 1	 3.51625108719
212	 0	 1	 3.53290486336
213	 0	 1	 3.54956889153
214	 0	 1	 3.56623196602
215	 0	 1	 3.58294200897
216	 0	 1	 3.59961295128
217	 0	 1	 3.61636185646
218	 0	 1	 3.63300490379
219	 0	 1	 3.64965200424
220	 0	 1	 3.66631388664
221	 0	 1	 3.6829829216
222	 0	 1	 3.6996409893
223	 0	 1	 3.71632885933
224	 0	 1	 3.73299002647
225	 0	 1	 3.74965691566
226	 0	 1	 3.76631808281
227	 0	 1	 3.7829990387
228	 0	 1	 3.79971885681
229	 0	 1	 3.81638407707
230	 0	 1	 3.83304286003
231	 0	 1	 3.84970998764
232	 0	 1	 3.86644697189
233	 0	 1	 3.88307094574
234	 0	 1	 3.89970493317
235	 0	 1	 3.91637706757
236	 0	 1	 3.93303894997
237	 0	 1	 3.94970202446
238	 0	 1	 3.96636390686
239	 0	 1	 3.98304605484
240	 0	 1	 3.99971294403
241	 0	 1	 4.01641988754
242	 0	 1	 4.03347802162
243	 0	 1	 4.0497200489
244	 0	 1	 4.06636404991
245	 0	 1	 4.08302807808
246	 0	 1	 4.09969091415
247	 0	 1	 4.11637401581
248	 0	 1	 4.13303494453
249	 0	 1	 4.14969706535
250	 0	 1	 4.16636395454
251	 0	 1	 4.18307209015
252	 0	 1	 4.19973397255
253	 0	 1	 4.21640086174
254	 0	 1	 4.23306202888
255	 0	 1	 4.24974703789
256	 0	 1	 4.26640701294
257	 0	 1	 4.28307104111
258	 0	 1	 4.29973888397
259	 0	 1	 4.3164100647
260	 0	 1	 4.33309197426
261	 0	 1	 4.34975290298
262	 0	 1	 4.36641693115
263	 0	 1	 4.38308405876
264	 0	 1	 4.39976787567
265	 0	 1	 4.41643095016
266	 0	 1	 4.43311500549
267	 0	 1	 4.44975399971
268	 0	 1	 4.46643805504
269	 0	 1	 4.4831058979
270	 0	 1	 4.4997420311
271	 0	 1	 4.51642298698
272	 0	 1	 4.53311300278
273	 0	 1	 4.5497739315
274	 0	 1	 4.56645607948
275	 0	 1	 4.5831079483
276	 0	 1	 4.5997838974
277	 0	 1	 4.61644792557
278	 0	 1	 4.63310599327
279	 0	 1	 4.64978694916
280	 0	 1	 4.66655087471
281	 0	 1	 4.68315196037
282	 0	 1	 4.69975805283
283	 0	 1	 4.71641993523
284	 0	 1	 4.73310899734
285	 0	 1	 4.7497689724
286	 0	 1	 4.7664308548
287	 0	 1	 4.78309488297
288	 0	 1	 4.79979801178
289	 0	 1	 4.81645703316
290	 0	 1	 4.83310604095
291	 0	 1	 4.84978985786
292	 0	 1	 4.86645102501
293	 0	 1	 4.88313388824
294	 0	 1	 4.89980888367
295	 0	 1	 4.91646003723
296	 0	 1	 4.93312597275
297	 0	 1	 4.94981002808
298	 0	 1	 4.96647691727
299	 0	 1	 4.98313808441
300	 0	 1	 4.99979901314
301	 0	 1	 5.01654601097
302	 0	 1	 5.03317499161
303	 0	 1	 5.04980707169
304	 0	 1	 5.06647801399
305	 0	 1	 5.08316206932
306	 0	 1	 5.09981894493
307	 0	 1	 5.11648201942
308	 0	 1	 5.13315391541
309	 0	 1	 5.14983105659
310	 0	 1	 5.16649198532
311	 0	 1	 5.18315696716
312	 0	 1	 5.19982385635
313	 0	 1	 5.2165119648
314	 0	 1	 5.23317193985
315	 0	 1	 5.24983501434
316	 0	 1	 5.26649594307
317	 0	 1	 5.2831799984
318	 0	 1	 5.29984998703
319	 0	 1	 5.31650590897
320	 0	 1	 5.33316898346
321	 0	 1	 5.34985208511
322	 0	 1	 5.36651992798
323	 0	 1	 5.38318395615
324	 0	 1	 5.39985609055
325	 0	 1	 5.41664791107
326	 0	 1	 5.43325185776
327	 0	 1	 5.44988298416
328	 0	 1	 5.46652507782
329	 0	 1	 5.48318886757
330	 0	 1	 5.49987196922
331	 0	 1	 5.51662707329
332	 0	 1	 5.53323197365
333	 0	 1	 5.54987406731
334	 0	 1	 5.56655097008
335	 0	 1	 5.58320999146
336	 0	 1	 5.5998749733
337	 0	 1	 5.61654686928
338	 0	 1	 5.63324594498
339	 0	 1	 5.64989304543
340	 0	 1	 5.66668891907
341	 0	 1	 5.6832690239
342	 0	 1	 5.69991493225
343	 0	 1	 5.71655797958
344	 0	 1	 5.73322486877
345	 0	 1	 5.74989199638
346	 0	 1	 5.76657605171
347	 0	 1	 5.78324103355
348	 0	 1	 5.79986286163
349	 0	 1	 5.81666088104
350	 0	 1	 5.83327889442
351	 0	 1	 5.8498840332
352	 0	 1	 5.86654186249
353	 0	 1	 5.8831949234
354	 0	 1	 5.89987707138
355	 0	 1	 5.91653990746
356	 0	 1	 5.93320798874
357	 0	 1	 5.94987392426
358	 0	 1	 5.9665389061
359	 0	 1	 5.98321890831
360	 0	 1	 5.99988102913
361	 0	 1	 6.01662397385
362	 0	 1	 6.0335559845
363	 0	 1	 6.04989385605
364	 0	 1	 6.06653785706
365	 0	 1	 6.08319592476
366	 0	 1	 6.0999019146
367	 0	 1	 6.116574049
368	 0	 1	 6.13323497772
369	 0	 1	 6.14989995956
370	 0	 1	 6.16656303406
371	 0	 1	 6.18325185776
372	 0	 1	 6.19991207123
373	 0	 1	 6.216547966
374	 0	 1	 6.23323392868
375	 0	 1	 6.24989891052
376	 0	 1	 6.26655602455
377	 0	 1	 6.28321695328
378	 0	 1	 6.29988408089
379	 0	 1	 6.31656599045
380	 0	 1	 6.33323407173
381	 0	 1	 6.34992003441
382	 0	 1	 6.36658406258
383	 0	 1	 6.38326787949
384	 0	 1	 6.39993095398
385	 0	 1	 6.41659402847
386	 0	 1	 6.43325686455
387	 0	 1	 6.44994091988
388	 0	 1	 6.46659994125
389	 0	 1	 6.4832649231
390	 0	 1	 6.49990296364
391	 0	 1	 6.51661896706
392	 0	 1	 6.53327488899
393	 0	 1	 6.54993987083
394	 0	 1	 6.56660509109
395	 0	 1	 6.58329200745
396	 0	 1	 6.59995007515
397	 0	 1	 6.6166138649
398	 0	 1	 6.63327789307
399	 0	 1	 6.6499710083
400	 0	 1	 6.66662096977
401	 0	 1	 6.68328404427
402	 0	 1	 6.69994592667
403	 0	 1	 6.71662592888
404	 0	 1	 6.73329591751
405	 0	 1	 6.74995708466
406	 0	 1	 6.7666208744
407	 0	 1	 6.78328895569
408	 0	 1	 6.80002808571
409	 0	 1	 6.81673789024
410	 0	 1	 6.83341693878
411	 0	 1	 6.85006403923
412	 0	 1	 6.86673998833
413	 0	 1	 6.88341188431
414	 0	 1	 6.90007591248
415	 0	 1	 6.91673898697
416	 0	 1	 6.93341708183
417	 0	 1	 6.95007896423
418	 0	 1	 6.96674895287
419	 0	 1	 6.98341107368
420	 0	 1	 7.0000910759
421	 0	 1	 7.01679897308
422	 0	 1	 7.03381896019
423	 0	 1	 7.05006599426
424	 0	 1	 7.06674289703
425	 0	 1	 7.08339905739
426	 0	 1	 7.10005807877
427	 0	 1	 7.11685705185
428	 0	 1	 7.13346290588
429	 0	 1	 7.15009403229
430	 0	 1	 7.16673398018
431	 0	 1	 7.18340396881
432	 0	 1	 7.20008301735
433	 0	 1	 7.21675491333
434	 0	 1	 7.23341107368
435	 0	 1	 7.25007796288
436	 0	 1	 7.26689004898
437	 0	 1	 7.28348898888
438	 0	 1	 7.30010890961
439	 0	 1	 7.31675195694
440	 0	 1	 7.33341693878
441	 0	 1	 7.35009789467
442	 0	 1	 7.36676096916
443	 0	 1	 7.38343405724
444	 0	 1	 7.4000980854
445	 0	 1	 7.41677594185
446	 0	 1	 7.43347287178
447	 0	 1	 7.45010995865
448	 0	 1	 7.46677088737
449	 0	 1	 7.4834549427
450	 0	 1	 7.50011205673
451	 0	 1	 7.5167760849
452	 0	 1	 7.53344106674
453	 0	 1	 7.55012702942
454	 0	 1	 7.56678700447
455	 0	 1	 7.58344888687
456	 0	 1	 7.60024595261
457	 0	 1	 7.61683988571
458	 0	 1	 7.63346791267
459	 0	 1	 7.65012693405
460	 0	 1	 7.66678786278
461	 0	 1	 7.68347096443
462	 0	 1	 7.70013809204
463	 0	 1	 7.71688604355
464	 0	 1	 7.73349308968
465	 0	 1	 7.75021100044
466	 0	 1	 7.76686286926
467	 0	 1	 7.78349685669
468	 0	 1	 7.80012488365
469	 0	 1	 7.81680798531
470	 0	 1	 7.83346486092
471	 0	 1	 7.85012793541
472	 0	 1	 7.86680006981
473	 0	 1	 7.88346290588
474	 0	 1	 7.9001429081
475	 0	 1	 7.91681098938
476	 0	 1	 7.93347001076
477	 0	 1	 7.95014095306
478	 0	 1	 7.96690702438
479	 0	 1	 7.98351192474
480	 0	 1	 8.00014901161
481	 0	 1	 8.01690196991
482	 0	 1	 8.03413391113
483	 0	 1	 8.05018401146
484	 0	 1	 8.06685900688
485	 0	 1	 8.08351397514
486	 0	 1	 8.10019993782
487	 0	 1	 8.1168680191
488	 0	 1	 8.13352298737
489	 0	 1	 8.15018987656
490	 0	 1	 8.16687107086
491	 0	 1	 8.18353891373
492	 0	 1	 8.20020103455
493	 0	 1	 8.21687293053
494	 0	 1	 8.2335460186
495	 0	 1	 8.25018692017
496	 0	 1	 8.26684689522
497	 0	 1	 8.2835059166
498	 0	 1	 8.3001909256
499	 0	 1	 8.31685686111
500	 0	 1	 8.33351898193
501	 0	 1	 8.35018491745
502	 0	 1	 8.36686301231
503	 0	 1	 8.38352894783
504	 0	 1	 8.400192976
505	 0	 1	 8.41685891151
506	 0	 1	 8.4335269928
507	 0	 1	 8.4502120018
508	 0	 1	 8.46686887741
509	 0	 1	 8.48353385925
510	 0	 1	 8.50020503998
511	 0	 1	 8.51688504219
512	 0	 1	 8.53354501724
513	 0	 1	 8.55020999908
514	 0	 1	 8.56687498093
515	 0	 1	 8.58356785774
516	 0	 1	 8.60036206245
517	 0	 1	 8.61689805984
518	 0	 1	 8.63354992867
519	 0	 1	 8.65020990372
520	 0	 1	 8.66686487198
521	 0	 1	 8.68356704712
522	 0	 1	 8.70035886765
523	 0	 1	 8.71690702438
524	 0	 1	 8.73354792595
525	 0	 1	 8.75021100044
526	 0	 1	 8.76687288284
527	 0	 1	 8.78359007835
528	 0	 1	 8.80020403862
529	 0	 1	 8.81686496735
530	 0	 1	 8.83353495598
531	 0	 1	 8.85035800934
532	 0	 1	 8.86689090729
533	 0	 1	 8.88352108002
534	 0	 1	 8.90017604828
535	 0	 1	 8.91688990593
536	 0	 1	 8.93354892731
537	 0	 1	 8.95035505295
538	 0	 1	 8.96691203117
539	 0	 1	 8.98356509209
540	 0	 1	 9.00019788742
541	 0	 1	 9.01699900627
542	 0	 1	 9.03405594826
543	 0	 1	 9.0502679348
544	 0	 1	 9.06694102287
545	 0	 1	 9.0836019516
546	 0	 1	 9.10041308403
547	 0	 1	 9.1169629097
548	 0	 1	 9.13358807564
549	 0	 1	 9.1502468586
550	 0	 1	 9.1669049263
551	 0	 1	 9.18359208107
552	 0	 1	 9.20043587685
553	 0	 1	 9.21694302559
554	 0	 1	 9.23358201981
555	 0	 1	 9.2502579689
556	 0	 1	 9.26692986488
557	 0	 1	 9.28360390663
558	 0	 1	 9.30040693283
559	 0	 1	 9.31695604324
560	 0	 1	 9.33361291885
561	 0	 1	 9.35027289391
562	 0	 1	 9.36693191528
563	 0	 1	 9.38360905647
564	 0	 1	 9.40043091774
565	 0	 1	 9.41697406769
566	 0	 1	 9.43360805511
567	 0	 1	 9.45026993752
568	 0	 1	 9.46695494652
569	 0	 1	 9.48361802101
570	 0	 1	 9.50027799606
571	 0	 1	 9.51694393158
572	 0	 1	 9.53362393379
573	 0	 1	 9.55043792725
574	 0	 1	 9.56702804565
575	 0	 1	 9.58363986015
576	 0	 1	 9.60030198097
577	 0	 1	 9.61696600914
578	 0	 1	 9.63363194466
579	 0	 1	 9.65043902397
580	 0	 1	 9.66700196266
581	 0	 1	 9.68365502357
582	 0	 1	 9.70033097267
583	 0	 1	 9.71699905396
584	 0	 1	 9.73368287086
585	 0	 1	 9.75034809113
586	 0	 1	 9.76699995995
587	 0	 1	 9.78367495537
588	 0	 1	 9.80039691925
589	 0	 1	 9.81708502769
590	 0	 1	 9.83373904228
591	 0	 1	 9.85038208961
592	 0	 1	 9.8670399189
593	 0	 1	 9.88372802734
594	 0	 1	 9.90038990974
595	 0	 1	 9.91707897186
596	 0	 1	 9.9337439537
597	 0	 1	 9.95042991638
598	 0	 1	 9.9670920372
599	 0	 1	 9.9837539196
600	 0	 1	 10.000412941
601	 0	 1	 10.0171499252
602	 0	 1	 10.0340359211
603	 0	 1	 10.0503928661
604	 0	 1	 10.0670678616
605	 0	 1	 10.0837469101
606	 0	 1	 10.1004099846
607	 0	 1	 10.1172258854
608	 0	 1	 10.133836031
609	 0	 1	 10.1504669189
610	 0	 1	 10.167098999
611	 0	 1	 10.1837759018
612	 0	 1	 10.2004520893
613	 0	 1	 10.2171239853
614	 0	 1	 10.2337908745
615	 0	 1	 10.2504479885
616	 0	 1	 10.2671120167
617	 0	 1	 10.2837970257
618	 0	 1	 10.3004620075
619	 0	 1	 10.3171219826
620	 0	 1	 10.3337950706
621	 0	 1	 10.3504400253
622	 0	 1	 10.3671169281
623	 0	 1	 10.3837800026
624	 0	 1	 10.4005908966
625	 0	 1	 10.4171969891
626	 0	 1	 10.4338378906
627	 0	 1	 10.4504618645
628	 0	 1	 10.4671199322
629	 0	 1	 10.4837799072
630	 0	 1	 10.5006039143
631	 0	 1	 10.5171699524
632	 0	 1	 10.5337998867
633	 0	 1	 10.5504539013
634	 0	 1	 10.5671360493
635	 0	 1	 10.5837979317
636	 0	 1	 10.6004650593
637	 0	 1	 10.6171278954
638	 0	 1	 10.6338090897
639	 0	 1	 10.6506259441
640	 0	 1	 10.6671950817
641	 0	 1	 10.6838240623
642	 0	 1	 10.7004859447
643	 0	 1	 10.7171499729
644	 0	 1	 10.7338149548
645	 0	 1	 10.7504799366
646	 0	 1	 10.7671620846
647	 0	 1	 10.783823967
648	 0	 1	 10.8006010056
649	 0	 1	 10.8171460629
650	 0	 1	 10.8338160515
651	 0	 1	 10.8504669666
652	 0	 1	 10.8671290874
653	 0	 1	 10.883795023
654	 0	 1	 10.9004769325
655	 0	 1	 10.9171590805
656	 0	 1	 10.9338219166
657	 0	 1	 10.9504840374
658	 0	 1	 10.9671490192
659	 0	 1	 10.9838318825
660	 0	 1	 11.0004980564
661	 0	 1	 11.0172579288
662	 0	 1	 11.0351510048
663	 0	 1	 11.0505299568
664	 0	 1	 11.0671980381
665	 0	 1	 11.0838699341
666	 0	 1	 11.1005249023
667	 0	 1	 11.1172230244
668	 0	 1	 11.1338739395
669	 0	 1	 11.1505348682
670	 0	 1	 11.1672048569
671	 0	 1	 11.1838860512
672	 0	 1	 11.2005450726
673	 0	 1	 11.2172079086
674	 0	 1	 11.2338719368
675	 0	 1	 11.2505609989
676	 0	 1	 11.2672190666
677	 0	 1	 11.2838850021
678	 0	 1	 11.3005490303
679	 0	 1	 11.3172318935
680	 0	 1	 11.3338968754
681	 0	 1	 11.3505609035
682	 0	 1	 11.3672039509
683	 0	 1	 11.383908987
684	 0	 1	 11.4005730152
685	 0	 1	 11.4172329903
686	 0	 1	 11.4338929653
687	 0	 1	 11.450576067
688	 0	 1	 11.4672379494
689	 0	 1	 11.4839100838
690	 0	 1	 11.5005710125
691	 0	 1	 11.5172510147
692	 0	 1	 11.5339150429
693	 0	 1	 11.550577879
694	 0	 1	 11.5672478676
695	 0	 1	 11.5839278698
696	 0	 1	 11.6005740166
697	 0	 1	 11.617251873
698	 0	 1	 11.6339569092
699	 0	 1	 11.6506118774
700	 0	 1	 11.6675219536
701	 0	 1	 11.6841659546
702	 0	 1	 11.7006158829
703	 0	 1	 11.7172510624
704	 0	 1	 11.7339260578
705	 0	 1	 11.7505838871
706	 0	 1	 11.7672438622
707	 0	 1	 11.7839069366
708	 0	 1	 11.8005828857
709	 0	 1	 11.8172440529
710	 0	 1	 11.8339059353
711	 0	 1	 11.8505768776
712	 0	 1	 11.8672559261
713	 0	 1	 11.8839249611
714	 0	 1	 11.9005830288
715	 0	 1	 11.9172420502
716	 0	 1	 11.9339230061
717	 0	 1	 11.9505889416
718	 0	 1	 11.9672648907
719	 0	 1	 11.9839179516
720	 0	 1	 12.0005970001
721	 0	 1	 12.0174250603
722	 0	 1	 12.034430027
723	 0	 1	 12.0505928993
724	 0	 1	 12.067250967
725	 0	 1	 12.0839109421
726	 0	 1	 12.1006920338
727	 0	 1	 12.1172790527
728	 0	 1	 12.133934021
729	 0	 1	 12.150562048
730	 0	 1	 12.1672179699
731	 0	 1	 12.1839110851
732	 0	 1	 12.2006008625
733	 0	 1	 12.2172660828
734	 0	 1	 12.234005928
735	 0	 1	 12.2506120205
736	 0	 1	 12.2672669888
737	 0	 1	 12.2839560509
738	 0	 1	 12.3006079197
739	 0	 1	 12.3173010349
740	 0	 1	 12.3339588642
741	 0	 1	 12.3507630825
742	 0	 1	 12.3673219681
743	 0	 1	 12.3839519024
744	 0	 1	 12.4006049633
745	 0	 1	 12.4173169136
746	 0	 1	 12.433975935
747	 0	 1	 12.4508008957
748	 0	 1	 12.4673519135
749	 0	 1	 12.4839820862
750	 0	 1	 12.5006299019
751	 0	 1	 12.5172829628
752	 0	 1	 12.5339500904
753	 0	 1	 12.5507719517
754	 0	 1	 12.5673449039
755	 0	 1	 12.5839898586
756	 0	 1	 12.6007599831
757	 0	 1	 12.6173529625
758	 0	 1	 12.6339819431
759	 0	 1	 12.650635004
760	 0	 1	 12.6672959328
761	 0	 1	 12.6840150356
762	 0	 1	 12.7006809711
763	 0	 1	 12.7173380852
764	 0	 1	 12.7340018749
765	 0	 1	 12.7506859303
766	 0	 1	 12.7673568726
767	 0	 1	 12.784017086
768	 0	 1	 12.8007409573
769	 0	 1	 12.8174040318
770	 0	 1	 12.8341178894
771	 0	 1	 12.8507130146
772	 0	 1	 12.8673560619
773	 0	 1	 12.8840520382
774	 0	 1	 12.9008250237
775	 0	 1	 12.9174089432
776	 0	 1	 12.9340469837
777	 0	 1	 12.9506969452
778	 0	 1	 12.9673759937
779	 0	 1	 12.98407197
780	 0	 1	 13.000825882
781	 0	 1	 13.0174589157
782	 0	 1	 13.0347869396
783	 0	 1	 13.0507349968
784	 0	 1	 13.0673780441
785	 0	 1	 13.0840380192
786	 0	 1	 13.1007270813
787	 0	 1	 13.1173830032
788	 0	 1	 13.1340460777
789	 0	 1	 13.1507148743
790	 0	 1	 13.167402029
791	 0	 1	 13.1840569973
792	 0	 1	 13.2007238865
793	 0	 1	 13.2173838615
794	 0	 1	 13.2340660095
795	 0	 1	 13.2507388592
796	 0	 1	 13.2673940659
797	 0	 1	 13.2840540409
798	 0	 1	 13.3007400036
799	 0	 1	 13.3173999786
800	 0	 1	 13.3340699673
801	 0	 1	 13.350730896
802	 0	 1	 13.3673939705
803	 0	 1	 13.3840808868
804	 0	 1	 13.4007470608
805	 0	 1	 13.4174110889
806	 0	 1	 13.4340720177
807	 0	 1	 13.4507548809
808	 0	 1	 13.467416048
809	 0	 1	 13.4840800762
810	 0	 1	 13.5007460117
811	 0	 1	 13.5174279213
812	 0	 1	 13.5340878963
813	 0	 1	 13.5507528782
814	 0	 1	 13.5674200058
815	 0	 1	 13.5840978622
816	 0	 1	 13.6007618904
817	 0	 1	 13.6189470291
818	 0	 1	 13.6341600418
819	 0	 1	 13.6508259773
820	 0	 1	 13.667484045
821	 0	 1	 13.6841480732
822	 0	 1	 13.7008099556
823	 0	 1	 13.7174949646
824	 0	 1	 13.7341680527
825	 0	 1	 13.7508249283
826	 0	 1	 13.7674820423
827	 0	 1	 13.7841789722
828	 0	 1	 13.8007979393
829	 0	 1	 13.8174679279
830	 0	 1	 13.834127903
831	 0	 1	 13.8509478569
832	 0	 1	 13.8675310612
833	 0	 1	 13.8841500282
834	 0	 1	 13.9008030891
835	 0	 1	 13.9174809456
836	 0	 1	 13.9341440201
837	 0	 1	 13.9508080482
838	 0	 1	 13.9674739838
839	 0	 1	 13.9841630459
840	 0	 1	 14.0008399487
841	 0	 1	 14.0175769329
842	 0	 1	 14.0342059135
843	 0	 1	 14.0508620739
844	 0	 1	 14.0677258968
845	 0	 1	 14.084280014
846	 0	 1	 14.1008419991
847	 0	 1	 14.1175038815
848	 0	 1	 14.1341910362
849	 0	 1	 14.1508488655
850	 0	 1	 14.1675169468
851	 0	 1	 14.1841759682
852	 0	 1	 14.2008600235
853	 0	 1	 14.2178618908
854	 0	 1	 14.2342119217
855	 0	 1	 14.2508599758
856	 0	 1	 14.2675359249
857	 0	 1	 14.2841999531
858	 0	 1	 14.3008680344
859	 0	 1	 14.3175320625
860	 0	 1	 14.3342120647
861	 0	 1	 14.3508739471
862	 0	 1	 14.3675379753
863	 0	 1	 14.3842089176
864	 0	 1	 14.4008769989
865	 0	 1	 14.4175400734
866	 0	 1	 14.4342019558
867	 0	 1	 14.4508690834
868	 0	 1	 14.4675750732
869	 0	 1	 14.4842460155
870	 0	 1	 14.5009100437
871	 0	 1	 14.5175790787
872	 0	 1	 14.5342650414
873	 0	 1	 14.5509250164
874	 0	 1	 14.5676050186
875	 0	 1	 14.5842540264
876	 0	 1	 14.6009318829
877	 0	 1	 14.6175999641
878	 0	 1	 14.6342639923
879	 0	 1	 14.6509289742
880	 0	 1	 14.6676139832
881	 0	 1	 14.6842770576
882	 0	 1	 14.7009439468
883	 0	 1	 14.7176060677
884	 0	 1	 14.7342720032
885	 0	 1	 14.7509510517
886	 0	 1	 14.7676129341
887	 0	 1	 14.7842860222
888	 0	 1	 14.8009080887
889	 0	 1	 14.817620039
890	 0	 1	 14.8342759609
891	 0	 1	 14.8510708809
892	 0	 1	 14.8676688671
893	 0	 1	 14.8842909336
894	 0	 1	 14.9008989334
895	 0	 1	 14.9175648689
896	 0	 1	 14.9342288971
897	 0	 1	 14.9509439468
898	 0	 1	 14.9676129818
899	 0	 1	 14.9842660427
900	 0	 1	 15.001087904
901	 0	 1	 15.0177059174
902	 0	 1	 15.0343170166
903	 0	 1	 15.0509538651
904	 0	 1	 15.0676140785
905	 0	 1	 15.0842850208
906	 0	 1	 15.1009528637
907	 0	 1	 15.1176190376
908	 0	 1	 15.1342759132
909	 0	 1	 15.1509590149
910	 0	 1	 15.1676249504
911	 0	 1	 15.1842908859
912	 0	 1	 15.2012379169
913	 0	 1	 15.2178690434
914	 0	 1	 15.2343809605
915	 0	 1	 15.2509720325
916	 0	 1	 15.2676320076
917	 0	 1	 15.28429389
918	 0	 1	 15.3009729385
919	 0	 1	 15.31772995
920	 0	 1	 15.3343300819
921	 0	 1	 15.3509709835
922	 0	 1	 15.3676240444
923	 0	 1	 15.3843090534
924	 0	 1	 15.4009809494
925	 0	 1	 15.4176769257
926	 0	 1	 15.4343640804
927	 0	 1	 15.4509909153
928	 0	 1	 15.4676439762
929	 0	 1	 15.4843149185
930	 0	 1	 15.5011460781
931	 0	 1	 15.5176968575
932	 0	 1	 15.534318924
933	 0	 1	 15.5509800911
934	 0	 1	 15.5676589012
935	 0	 1	 15.5843300819
936	 0	 1	 15.6011099815
937	 0	 1	 15.6177010536
938	 0	 1	 15.6343488693
939	 0	 1	 15.6509978771
940	 0	 1	 15.6676599979
941	 0	 1	 15.6843390465
942	 0	 1	 15.7010190487
943	 0	 1	 15.7176849842
944	 0	 1	 15.7343530655
945	 0	 1	 15.7510159016
946	 0	 1	 15.7676999569
947	 0	 1	 15.7843570709
948	 0	 1	 15.8010790348
949	 0	 1	 15.8177440166
950	 0	 1	 15.8344318867
951	 0	 1	 15.8511009216
952	 0	 1	 15.8677558899
953	 0	 1	 15.8844220638
954	 0	 1	 15.9012110233
955	 0	 1	 15.9178118706
956	 0	 1	 15.934417963
957	 0	 1	 15.9510669708
958	 0	 1	 15.9677290916
959	 0	 1	 15.9844179153
960	 0	 1	 16.001087904
961	 0	 1	 16.0177590847
962	 0	 1	 16.0351159573
963	 0	 1	 16.0510499477
964	 0	 1	 16.0676970482
965	 0	 1	 16.0843560696
966	 0	 1	 16.1010160446
967	 0	 1	 16.1176970005
968	 0	 1	 16.1343610287
969	 0	 1	 16.1510329247
970	 0	 1	 16.1677269936
971	 0	 1	 16.1844089031
972	 0	 1	 16.2010860443
973	 0	 1	 16.2177410126
974	 0	 1	 16.234402895
975	 0	 1	 16.2510819435
976	 0	 1	 16.2677428722
977	 0	 1	 16.2844069004
978	 0	 1	 16.301181078
979	 0	 1	 16.3177568913
980	 0	 1	 16.334389925
981	 0	 1	 16.3510529995
982	 0	 1	 16.3677039146
983	 0	 1	 16.384428978
984	 0	 1	 16.4010899067
985	 0	 1	 16.4177560806
986	 0	 1	 16.4344198704
987	 0	 1	 16.4510979652
988	 0	 1	 16.4677689075
989	 0	 1	 16.484431982
990	 0	 1	 16.5011720657
991	 0	 1	 16.5178458691
992	 0	 1	 16.5344729424
993	 0	 1	 16.5511369705
994	 0	 1	 16.5677969456
995	 0	 1	 16.5844788551
996	 0	 1	 16.6011400223
997	 0	 1	 16.6178078651
998	 0	 1	 16.6344709396
999	 0	 1	 16.6511309147
1000	 0	 1	 16.6678049564
1001	 0	 1	 16.6844649315
1002	 0	 1	 16.7011320591
1003	 0	 1	 16.7178039551
1004	 0	 1	 16.7344908714
1005	 0	 1	 16.7511460781
1006	 0	 1	 16.7678039074
1007	 0	 1	 16.7844779491
1008	 0	 1	 16.8011639118
1009	 0	 1	 16.8178389072
1010	 0	 1	 16.8345239162
1011	 0	 1	 16.8511769772
1012	 0	 1	 16.8678350449
1013	 0	 1	 16.8845238686
1014	 0	 1	 16.9013369083
1015	 0	 1	 16.9179110527
1016	 0	 1	 16.9345488548
1017	 0	 1	 16.9512009621
1018	 0	 1	 16.9678618908
1019	 0	 1	 16.9845299721
1020	 0	 1	 17.0012099743
1021	 0	 1	 17.0179269314
1022	 0	 1	 17.0352830887
1023	 0	 1	 17.0511898994
1024	 0	 1	 17.0678529739
1025	 0	 1	 17.0845139027
1026	 0	 1	 17.1011309624
1027	 0	 1	 17.1178078651
1028	 0	 1	 17.13448596
1029	 0	 1	 17.1511509418
1030	 0	 1	 17.1678090096
1031	 0	 1	 17.1844789982
1032	 0	 1	 17.2011539936
1033	 0	 1	 17.2178249359
1034	 0	 1	 17.234513998
1035	 0	 1	 17.2511630058
1036	 0	 1	 17.2678229809
1037	 0	 1	 17.2845129967
1038	 0	 1	 17.3011679649
1039	 0	 1	 17.3178319931
1040	 0	 1	 17.3344910145
1041	 0	 1	 17.3511788845
1042	 0	 1	 17.3678388596
1043	 0	 1	 17.3845050335
1044	 0	 1	 17.4011700153
1045	 0	 1	 17.4178478718
1046	 0	 1	 17.4345190525
1047	 0	 1	 17.4511818886
1048	 0	 1	 17.4678390026
1049	 0	 1	 17.484525919
1050	 0	 1	 17.5011849403
1051	 0	 1	 17.517854929
1052	 0	 1	 17.5345189571
1053	 0	 1	 17.5512030125
1054	 0	 1	 17.5678620338
1055	 0	 1	 17.5845248699
1056	 0	 1	 17.6011929512
1057	 0	 1	 17.6178798676
1058	 0	 1	 17.6345350742
1059	 0	 1	 17.6511979103
1060	 0	 1	 17.6678700447
1061	 0	 1	 17.6845510006
1062	 0	 1	 17.701212883
1063	 0	 1	 17.7178769112
1064	 0	 1	 17.734541893
1065	 0	 1	 17.7513010502
1066	 0	 1	 17.7678649426
1067	 0	 1	 17.7845640182
1068	 0	 1	 17.801279068
1069	 0	 1	 17.8179469109
1070	 0	 1	 17.834649086
1071	 0	 1	 17.8512969017
1072	 0	 1	 17.8679540157
1073	 0	 1	 17.8846158981
1074	 0	 1	 17.901391983
1075	 0	 1	 17.9179968834
1076	 0	 1	 17.9346308708
1077	 0	 1	 17.9512929916
1078	 0	 1	 17.9679720402
1079	 0	 1	 17.9846360683
1080	 0	 1	 18.0013039112
1081	 0	 1	 18.0180618763
1082	 0	 1	 18.0349559784
1083	 0	 1	 18.051306963
1084	 0	 1	 18.0679779053
1085	 0	 1	 18.0846450329
1086	 0	 1	 18.1013250351
1087	 0	 1	 18.1179869175
1088	 0	 1	 18.1346218586
1089	 0	 1	 18.1512920856
1090	 0	 1	 18.1679699421
1091	 0	 1	 18.1846308708
1092	 0	 1	 18.2013790607
1093	 0	 1	 18.2180159092
1094	 0	 1	 18.2346758842
1095	 0	 1	 18.2513389587
1096	 0	 1	 18.2679970264
1097	 0	 1	 18.2846620083
1098	 0	 1	 18.3013310432
1099	 0	 1	 18.3180148602
1100	 0	 1	 18.3346779346
1101	 0	 1	 18.3513410091
1102	 0	 1	 18.368005991
1103	 0	 1	 18.3846919537
1104	 0	 1	 18.4013590813
1105	 0	 1	 18.4180240631
1106	 0	 1	 18.4347000122
1107	 0	 1	 18.4513559341
1108	 0	 1	 18.4680249691
1109	 0	 1	 18.4846930504
1110	 0	 1	 18.5013298988
1111	 0	 1	 18.518009901
1112	 0	 1	 18.5346989632
1113	 0	 1	 18.551363945
1114	 0	 1	 18.5680298805
1115	 0	 1	 18.5847089291
1116	 0	 1	 18.6013710499
1117	 0	 1	 18.6180360317
1118	 0	 1	 18.6347060204
1119	 0	 1	 18.6513900757
1120	 0	 1	 18.6680519581
1121	 0	 1	 18.6846868992
1122	 0	 1	 18.70134902
1123	 0	 1	 18.718059063
1124	 0	 1	 18.7347249985
1125	 0	 1	 18.751363039
1126	 0	 1	 18.7680230141
1127	 0	 1	 18.784735918
1128	 0	 1	 18.8013699055
1129	 0	 1	 18.8180270195
1130	 0	 1	 18.8346629143
1131	 0	 1	 18.8513469696
1132	 0	 1	 18.8680078983
1133	 0	 1	 18.8847079277
1134	 0	 1	 18.9013729095
1135	 0	 1	 18.9180500507
1136	 0	 1	 18.934705019
1137	 0	 1	 18.951364994
1138	 0	 1	 18.9680459499
1139	 0	 1	 18.9847168922
1140	 0	 1	 19.001486063
1141	 0	 1	 19.0180580616
1142	 0	 1	 19.0348610878
1143	 0	 1	 19.0513880253
1144	 0	 1	 19.0680320263
1145	 0	 1	 19.0847029686
1146	 0	 1	 19.1013638973
1147	 0	 1	 19.1180770397
1148	 0	 1	 19.1347329617
1149	 0	 1	 19.1513779163
1150	 0	 1	 19.1680378914
1151	 0	 1	 19.1847028732
1152	 0	 1	 19.2014038563
1153	 0	 1	 19.2180559635
1154	 0	 1	 19.2347300053
1155	 0	 1	 19.2515468597
1156	 0	 1	 19.2681479454
1157	 0	 1	 19.2847819328
1158	 0	 1	 19.3014218807
1159	 0	 1	 19.3180830479
1160	 0	 1	 19.334761858
1161	 0	 1	 19.3514258862
1162	 0	 1	 19.3680939674
1163	 0	 1	 19.3847510815
1164	 0	 1	 19.4014310837
1165	 0	 1	 19.4180910587
1166	 0	 1	 19.4347648621
1167	 0	 1	 19.451433897
1168	 0	 1	 19.4681138992
1169	 0	 1	 19.4847679138
1170	 0	 1	 19.5014410019
1171	 0	 1	 19.5181050301
1172	 0	 1	 19.5347959995
1173	 0	 1	 19.5514528751
1174	 0	 1	 19.5681219101
1175	 0	 1	 19.5847759247
1176	 0	 1	 19.6014490128
1177	 0	 1	 19.6181299686
1178	 0	 1	 19.634814024
1179	 0	 1	 19.6515469551
1180	 0	 1	 19.6681420803
1181	 0	 1	 19.6847848892
1182	 0	 1	 19.7014679909
1183	 0	 1	 19.7181289196
1184	 0	 1	 19.7347998619
1185	 0	 1	 19.7515668869
1186	 0	 1	 19.7681779861
1187	 0	 1	 19.7848119736
1188	 0	 1	 19.8014838696
1189	 0	 1	 19.8181638718
1190	 0	 1	 19.8348309994
1191	 0	 1	 19.8515050411
1192	 0	 1	 19.8681519032
1193	 0	 1	 19.8848309517
1194	 0	 1	 19.901501894
1195	 0	 1	 19.9181659222
1196	 0	 1	 19.9348349571
1197	 0	 1	 19.9515168667
1198	 0	 1	 19.9681780338
1199	 0	 1	 19.9848389626
1200	 0	 1	 20.0015099049
1201	 0	 1	 20.0182800293
1202	 0	 1	 20.0352020264
1203	 0	 1	 20.0515339375
1204	 0	 1	 20.0681729317
1205	 0	 1	 20.0848479271
1206	 0	 1	 20.1015279293
1207	 0	 1	 20.1181919575
1208	 0	 1	 20.1348419189
1209	 0	 1	 20.1515359879
1210	 0	 1	 20.1681978703
1211	 0	 1	 20.1848568916
1212	 0	 1	 20.2014920712
1213	 0	 1	 20.218159914
1214	 0	 1	 20.2349290848
1215	 0	 1	 20.2515060902
1216	 0	 1	 20.2681729794
1217	 0	 1	 20.2848219872
1218	 0	 1	 20.3015198708
1219	 0	 1	 20.3181819916
1220	 0	 1	 20.3348450661
1221	 0	 1	 20.3514809608
1222	 0	 1	 20.368185997
1223	 0	 1	 20.3848490715
1224	 0	 1	 20.4015300274
1225	 0	 1	 20.4181878567
1226	 0	 1	 20.4348518848
1227	 0	 1	 20.4514980316
1228	 0	 1	 20.4681909084
1229	 0	 1	 20.4848508835
1230	 0	 1	 20.5015518665
1231	 0	 1	 20.5182058811
1232	 0	 1	 20.5348620415
1233	 0	 1	 20.5516870022
1234	 0	 1	 20.5682690144
1235	 0	 1	 20.5848970413
1236	 0	 1	 20.6015388966
1237	 0	 1	 20.6182019711
1238	 0	 1	 20.6348769665
1239	 0	 1	 20.6515488625
1240	 0	 1	 20.6682209969
1241	 0	 1	 20.6848790646
1242	 0	 1	 20.701556921
1243	 0	 1	 20.7182180882
1244	 0	 1	 20.734885931
1245	 0	 1	 20.7517309189
1246	 0	 1	 20.7682859898
1247	 0	 1	 20.7849340439
1248	 0	 1	 20.8016290665
1249	 0	 1	 20.8182928562
1250	 0	 1	 20.834954977
1251	 0	 1	 20.8516340256
1252	 0	 1	 20.8683269024
1253	 0	 1	 20.8849918842
1254	 0	 1	 20.9016690254
1255	 0	 1	 20.9183499813
1256	 0	 1	 20.9349958897
1257	 0	 1	 20.9516499043
1258	 0	 1	 20.9683060646
1259	 0	 1	 20.9850020409
1260	 0	 1	 21.0017490387
1261	 0	 1	 21.0183620453
1262	 0	 1	 21.0349988937
1263	 0	 1	 21.0516519547
1264	 0	 1	 21.0683090687
1265	 0	 1	 21.0849950314
1266	 0	 1	 21.101651907
1267	 0	 1	 21.1183309555
1268	 0	 1	 21.1349909306
1269	 0	 1	 21.1516518593
1270	 0	 1	 21.1683290005
1271	 0	 1	 21.1849999428
1272	 0	 1	 21.2016808987
1273	 0	 1	 21.2183349133
1274	 0	 1	 21.2350039482
1275	 0	 1	 21.2517020702
1276	 0	 1	 21.2683520317
1277	 0	 1	 21.2850189209
1278	 0	 1	 21.3016810417
1279	 0	 1	 21.3183710575
1280	 0	 1	 21.3350300789
1281	 0	 1	 21.3518300056
1282	 0	 1	 21.3684139252
1283	 0	 1	 21.3850569725
1284	 0	 1	 21.4017388821
1285	 0	 1	 21.4183568954
1286	 0	 1	 21.4351029396
1287	 0	 1	 21.451720953
1288	 0	 1	 21.4683790207
1289	 0	 1	 21.4850409031
1290	 0	 1	 21.5016999245
1291	 0	 1	 21.5183799267
1292	 0	 1	 21.5350399017
1293	 0	 1	 21.5517139435
1294	 0	 1	 21.5683739185
1295	 0	 1	 21.5850389004
1296	 0	 1	 21.601722002
1297	 0	 1	 21.6183829308
1298	 0	 1	 21.6350529194
1299	 0	 1	 21.6516959667
1300	 0	 1	 21.6683959961
1301	 0	 1	 21.6850609779
1302	 0	 1	 21.7017309666
1303	 0	 1	 21.7184000015
1304	 0	 1	 21.7350709438
1305	 0	 1	 21.7517399788
1306	 0	 1	 21.7683980465
1307	 0	 1	 21.7850670815
1308	 0	 1	 21.8017189503
1309	 0	 1	 21.818379879
1310	 0	 1	 21.8350419998
1311	 0	 1	 21.8517069817
1312	 0	 1	 21.8683829308
1313	 0	 1	 21.8850278854
1314	 0	 1	 21.9017169476
1315	 0	 1	 21.9183790684
1316	 0	 1	 21.9350640774
1317	 0	 1	 21.9517378807
1318	 0	 1	 21.9683909416
1319	 0	 1	 21.9850518703
1320	 0	 1	 22.0017309189
1321	 0	 1	 22.0184869766
1322	 0	 1	 22.0350959301
1323	 0	 1	 22.0517470837
1324	 0	 1	 22.0684058666
1325	 0	 1	 22.085064888
1326	 0	 1	 22.1017298698
1327	 0	 1	 22.1184148788
1328	 0	 1	 22.1350839138
1329	 0	 1	 22.1523280144
1330	 0	 1	 22.1692478657
1331	 0	 1	 22.1851019859
1332	 0	 1	 22.2017638683
1333	 0	 1	 22.2184970379
1334	 0	 1	 22.236303091
1335	 0	 1	 22.2527439594
1336	 0	 1	 22.2684049606
1337	 0	 1	 22.2850868702
1338	 0	 1	 22.3017380238
1339	 0	 1	 22.3183939457
1340	 0	 1	 22.3350560665
1341	 0	 1	 22.3517360687
1342	 0	 1	 22.3684508801
1343	 0	 1	 22.3851020336
1344	 0	 1	 22.4017670155
1345	 0	 1	 22.418448925
1346	 0	 1	 22.4351170063
1347	 0	 1	 22.4517810345
1348	 0	 1	 22.4684438705
1349	 0	 1	 22.4851269722
1350	 0	 1	 22.5017869473
1351	 0	 1	 22.518460989
1352	 0	 1	 22.5351190567
1353	 0	 1	 22.5518009663
1354	 0	 1	 22.5684640408
1355	 0	 1	 22.5851299763
1356	 0	 1	 22.6018390656
1357	 0	 1	 22.6185059547
1358	 0	 1	 22.6351618767
1359	 0	 1	 22.6519799232
1360	 0	 1	 22.6685628891
1361	 0	 1	 22.6851859093
1362	 0	 1	 22.7018480301
1363	 0	 1	 22.7185108662
1364	 0	 1	 22.7351799011
1365	 0	 1	 22.7518379688
1366	 0	 1	 22.7685239315
1367	 0	 1	 22.7853310108
1368	 0	 1	 22.80189991
1369	 0	 1	 22.8185338974
1370	 0	 1	 22.8352069855
1371	 0	 1	 22.8518810272
1372	 0	 1	 22.8685359955
1373	 0	 1	 22.8851950169
1374	 0	 1	 22.9018778801
1375	 0	 1	 22.9185469151
1376	 0	 1	 22.9352080822
1377	 0	 1	 22.9518780708
1378	 0	 1	 22.9685518742
1379	 0	 1	 22.9852180481
1380	 0	 1	 23.0018830299
1381	 0	 1	 23.018611908
1382	 0	 1	 23.0352370739
1383	 0	 1	 23.0518910885
1384	 0	 1	 23.0685350895
1385	 0	 1	 23.085201025
1386	 0	 1	 23.1018738747
1387	 0	 1	 23.1185359955
1388	 0	 1	 23.1352009773
1389	 0	 1	 23.152009964
1390	 0	 1	 23.1686220169
1391	 0	 1	 23.1852278709
1392	 0	 1	 23.2018759251
1393	 0	 1	 23.2185418606
1394	 0	 1	 23.2352058887
1395	 0	 1	 23.2519929409
1396	 0	 1	 23.2685849667
1397	 0	 1	 23.2852220535
1398	 0	 1	 23.3018450737
1399	 0	 1	 23.3185539246
1400	 0	 1	 23.3351979256
1401	 0	 1	 23.3518550396
1402	 0	 1	 23.3685150146
1403	 0	 1	 23.3851969242
1404	 0	 1	 23.4018790722
1405	 0	 1	 23.4185330868
1406	 0	 1	 23.4351930618
1407	 0	 1	 23.4518759251
1408	 0	 1	 23.4685359001
1409	 0	 1	 23.4852080345
1410	 0	 1	 23.5018670559
1411	 0	 1	 23.5185470581
1412	 0	 1	 23.5352129936
1413	 0	 1	 23.5518760681
1414	 0	 1	 23.5685460567
1415	 0	 1	 23.5852248669
1416	 0	 1	 23.6020340919
1417	 0	 1	 23.6186189651
1418	 0	 1	 23.6352329254
1419	 0	 1	 23.651902914
1420	 0	 1	 23.6685628891
1421	 0	 1	 23.6852300167
1422	 0	 1	 23.7018899918
1423	 0	 1	 23.7185719013
1424	 0	 1	 23.735257864
1425	 0	 1	 23.7519030571
1426	 0	 1	 23.7685649395
1427	 0	 1	 23.7852518559
1428	 0	 1	 23.8019690514
1429	 0	 1	 23.8186330795
1430	 0	 1	 23.835299015
1431	 0	 1	 23.8519790173
1432	 0	 1	 23.868639946
1433	 0	 1	 23.8854510784
1434	 0	 1	 23.9020190239
1435	 0	 1	 23.9186630249
1436	 0	 1	 23.93531394
1437	 0	 1	 23.951982975
1438	 0	 1	 23.968654871
1439	 0	 1	 23.9854779243
1440	 0	 1	 24.0020189285
1441	 0	 1	 24.0187439919
1442	 0	 1	 24.0359978676
1443	 0	 1	 24.0519790649
1444	 0	 1	 24.0686728954
1445	 0	 1	 24.0853340626
1446	 0	 1	 24.1020009518
1447	 0	 1	 24.1186640263
1448	 0	 1	 24.1354949474
1449	 0	 1	 24.1520550251
1450	 0	 1	 24.1686830521
1451	 0	 1	 24.1853380203
1452	 0	 1	 24.2020208836
1453	 0	 1	 24.2186880112
1454	 0	 1	 24.2353489399
1455	 0	 1	 24.2520170212
1456	 0	 1	 24.2687039375
1457	 0	 1	 24.2855038643
1458	 0	 1	 24.3020620346
1459	 0	 1	 24.3187010288
1460	 0	 1	 24.3353688717
1461	 0	 1	 24.3520309925
1462	 0	 1	 24.3687000275
1463	 0	 1	 24.3853390217
1464	 0	 1	 24.4020540714
1465	 0	 1	 24.418708086
1466	 0	 1	 24.4353740215
1467	 0	 1	 24.452039957
1468	 0	 1	 24.4687149525
1469	 0	 1	 24.4855239391
1470	 0	 1	 24.5020830631
1471	 0	 1	 24.5187039375
1472	 0	 1	 24.5354170799
1473	 0	 1	 24.5520689487
1474	 0	 1	 24.568723917
1475	 0	 1	 24.5853860378
1476	 0	 1	 24.6020519733
1477	 0	 1	 24.6187539101
1478	 0	 1	 24.6353969574
1479	 0	 1	 24.6520600319
1480	 0	 1	 24.6687240601
1481	 0	 1	 24.6854069233
1482	 0	 1	 24.7021679878
1483	 0	 1	 24.7187800407
1484	 0	 1	 24.7354109287
1485	 0	 1	 24.7520840168
1486	 0	 1	 24.7687458992
1487	 0	 1	 24.7854130268
1488	 0	 1	 24.8020429611
1489	 0	 1	 24.8187220097
1490	 0	 1	 24.8353888988
1491	 0	 1	 24.8520488739
1492	 0	 1	 24.8687150478
1493	 0	 1	 24.8855400085
1494	 0	 1	 24.902119875
1495	 0	 1	 24.9187390804
1496	 0	 1	 24.9353919029
1497	 0	 1	 24.9520759583
1498	 0	 1	 24.9687390327
1499	 0	 1	 24.9855759144
1500	 0	 1	 25.002081871
1501	 0	 1	 25.0187878609
1502	 0	 1	 25.0359580517
1503	 0	 1	 25.0520539284
1504	 0	 1	 25.0687379837
1505	 0	 1	 25.0854229927
1506	 0	 1	 25.1020879745
1507	 0	 1	 25.1187469959
1508	 0	 1	 25.1355829239
1509	 0	 1	 25.1521239281
1510	 0	 1	 25.1687679291
1511	 0	 1	 25.1854300499
1512	 0	 1	 25.2020890713
1513	 0	 1	 25.2187540531
1514	 0	 1	 25.2356119156
1515	 0	 1	 25.2521309853
1516	 0	 1	 25.2687709332
1517	 0	 1	 25.2854299545
1518	 0	 1	 25.3021099567
1519	 0	 1	 25.3187708855
1520	 0	 1	 25.3356020451
1521	 0	 1	 25.3521490097
1522	 0	 1	 25.3687899113
1523	 0	 1	 25.3854470253
1524	 0	 1	 25.4021148682
1525	 0	 1	 25.4187788963
1526	 0	 1	 25.4354610443
1527	 0	 1	 25.4521210194
1528	 0	 1	 25.4687829018
1529	 0	 1	 25.4854559898
1530	 0	 1	 25.5021350384
1531	 0	 1	 25.5187978745
1532	 0	 1	 25.5354619026
1533	 0	 1	 25.5521230698
1534	 0	 1	 25.5688068867
1535	 0	 1	 25.5854809284
1536	 0	 1	 25.6020998955
1537	 0	 1	 25.6187970638
1538	 0	 1	 25.6354429722
1539	 0	 1	 25.6521439552
1540	 0	 1	 25.6688098907
1541	 0	 1	 25.6854388714
1542	 0	 1	 25.7021398544
1543	 0	 1	 25.7188270092
1544	 0	 1	 25.735491991
1545	 0	 1	 25.7521550655
1546	 0	 1	 25.7688159943
1547	 0	 1	 25.7855019569
1548	 0	 1	 25.802177906
1549	 0	 1	 25.8188390732
1550	 0	 1	 25.8355219364
1551	 0	 1	 25.852191925
1552	 0	 1	 25.8688490391
1553	 0	 1	 25.8855140209
1554	 0	 1	 25.9022140503
1555	 0	 1	 25.9188709259
1556	 0	 1	 25.9355509281
1557	 0	 1	 25.9522020817
1558	 0	 1	 25.9688799381
1559	 0	 1	 25.9855699539
1560	 0	 1	 26.0022270679
1561	 0	 1	 26.0189480782
1562	 0	 1	 26.0357248783
1563	 0	 1	 26.0522270203
1564	 0	 1	 26.0688819885
1565	 0	 1	 26.0855679512
1566	 0	 1	 26.1022350788
1567	 0	 1	 26.1189079285
1568	 0	 1	 26.1355819702
1569	 0	 1	 26.1522459984
1570	 0	 1	 26.168902874
1571	 0	 1	 26.1857500076
1572	 0	 1	 26.2023129463
1573	 0	 1	 26.2189340591
1574	 0	 1	 26.2355620861
1575	 0	 1	 26.2522320747
1576	 0	 1	 26.2688949108
1577	 0	 1	 26.2856838703
1578	 0	 1	 26.3022549152
1579	 0	 1	 26.3189210892
1580	 0	 1	 26.3355870247
1581	 0	 1	 26.3522369862
1582	 0	 1	 26.3688979149
1583	 0	 1	 26.3855810165
1584	 0	 1	 26.4022140503
1585	 0	 1	 26.4188730717
1586	 0	 1	 26.4355158806
1587	 0	 1	 26.4522140026
1588	 0	 1	 26.4688799381
1589	 0	 1	 26.4855439663
1590	 0	 1	 26.5022060871
1591	 0	 1	 26.5188760757
1592	 0	 1	 26.5355670452
1593	 0	 1	 26.5522270203
1594	 0	 1	 26.5688869953
1595	 0	 1	 26.5855519772
1596	 0	 1	 26.6022350788
1597	 0	 1	 26.6188988686
1598	 0	 1	 26.6357529163
1599	 0	 1	 26.6522688866
1600	 0	 1	 26.6689040661
1601	 0	 1	 26.6855728626
1602	 0	 1	 26.7022349834
1603	 0	 1	 26.7189040184
1604	 0	 1	 26.7355880737
1605	 0	 1	 26.752245903
1606	 0	 1	 26.7689070702
1607	 0	 1	 26.7857260704
1608	 0	 1	 26.8023779392
1609	 0	 1	 26.81899786
1610	 0	 1	 26.8356530666
1611	 0	 1	 26.8523089886
1612	 0	 1	 26.8689870834
1613	 0	 1	 26.8856570721
1614	 0	 1	 26.9024379253
1615	 0	 1	 26.9189839363
1616	 0	 1	 26.9356610775
1617	 0	 1	 26.9523310661
1618	 0	 1	 26.9689910412
1619	 0	 1	 26.9856538773
1620	 0	 1	 27.0023338795
1621	 0	 1	 27.01906991
1622	 0	 1	 27.0364940166
1623	 0	 1	 27.0523450375
1624	 0	 1	 27.0689558983
1625	 0	 1	 27.0857088566
1626	 0	 1	 27.1024680138
1627	 0	 1	 27.1190519333
1628	 0	 1	 27.1356768608
1629	 0	 1	 27.1523690224
1630	 0	 1	 27.1690449715
1631	 0	 1	 27.1857130527
1632	 0	 1	 27.2023799419
1633	 0	 1	 27.2190589905
1634	 0	 1	 27.2357180119
1635	 0	 1	 27.2523880005
1636	 0	 1	 27.2690529823
1637	 0	 1	 27.2857320309
1638	 0	 1	 27.3023569584
1639	 0	 1	 27.3190128803
1640	 0	 1	 27.3356740475
1641	 0	 1	 27.3523550034
1642	 0	 1	 27.3690209389
1643	 0	 1	 27.3856818676
1644	 0	 1	 27.4023518562
1645	 0	 1	 27.4190318584
1646	 0	 1	 27.4356970787
1647	 0	 1	 27.4524059296
1648	 0	 1	 27.4690740108
1649	 0	 1	 27.4857490063
1650	 0	 1	 27.5024120808
1651	 0	 1	 27.5190839767
1652	 0	 1	 27.5357449055
1653	 0	 1	 27.552423954
1654	 0	 1	 27.5690870285
1655	 0	 1	 27.5857520103
1656	 0	 1	 27.6024188995
1657	 0	 1	 27.6190879345
1658	 0	 1	 27.6357660294
1659	 0	 1	 27.6524300575
1660	 0	 1	 27.6690950394
1661	 0	 1	 27.6857628822
1662	 0	 1	 27.7024428844
1663	 0	 1	 27.7191119194
1664	 0	 1	 27.7357690334
1665	 0	 1	 27.7524430752
1666	 0	 1	 27.7691919804
1667	 0	 1	 27.7858319283
1668	 0	 1	 27.8048648834
1669	 0	 1	 27.8190579414
1670	 0	 1	 27.8357439041
1671	 0	 1	 27.852465868
1672	 0	 1	 27.8691499233
1673	 0	 1	 27.8858239651
1674	 0	 1	 27.9024598598
1675	 0	 1	 27.9191229343
1676	 0	 1	 27.9357960224
1677	 0	 1	 27.9524149895
1678	 0	 1	 27.9690799713
1679	 0	 1	 27.9857399464
1680	 0	 1	 28.002409935
1681	 0	 1	 28.0191729069
1682	 0	 1	 28.0357670784
1683	 0	 1	 28.0524048805
1684	 0	 1	 28.069038868
1685	 0	 1	 28.0857319832
1686	 0	 1	 28.1024110317
1687	 0	 1	 28.1190679073
1688	 0	 1	 28.1357350349
1689	 0	 1	 28.1524000168
1690	 0	 1	 28.1690728664
1691	 0	 1	 28.1857500076
1692	 0	 1	 28.2024168968
1693	 0	 1	 28.2190730572
1694	 0	 1	 28.2357449532
1695	 0	 1	 28.2524299622
1696	 0	 1	 28.2690930367
1697	 0	 1	 28.285752058
1698	 0	 1	 28.3024179935
1699	 0	 1	 28.3190970421
1700	 0	 1	 28.3357720375
1701	 0	 1	 28.3524279594
1702	 0	 1	 28.3690910339
1703	 0	 1	 28.3857760429
1704	 0	 1	 28.4025380611
1705	 0	 1	 28.4191069603
1706	 0	 1	 28.4357850552
1707	 0	 1	 28.452466011
1708	 0	 1	 28.4691269398
1709	 0	 1	 28.4858009815
1710	 0	 1	 28.5024609566
1711	 0	 1	 28.5191409588
1712	 0	 1	 28.5358290672
1713	 0	 1	 28.5524990559
1714	 0	 1	 28.5691649914
1715	 0	 1	 28.5859918594
1716	 0	 1	 28.6025109291
1717	 0	 1	 28.619148016
1718	 0	 1	 28.6358029842
1719	 0	 1	 28.6524920464
1720	 0	 1	 28.6691510677
1721	 0	 1	 28.6858968735
1722	 0	 1	 28.7025060654
1723	 0	 1	 28.7191710472
1724	 0	 1	 28.7358279228
1725	 0	 1	 28.7524909973
1726	 0	 1	 28.7691528797
1727	 0	 1	 28.7858350277
1728	 0	 1	 28.8025119305
1729	 0	 1	 28.8191809654
1730	 0	 1	 28.8359889984
1731	 0	 1	 28.8525800705
1732	 0	 1	 28.8691880703
1733	 0	 1	 28.8858530521
1734	 0	 1	 28.9025149345
1735	 0	 1	 28.9191970825
1736	 0	 1	 28.9358599186
1737	 0	 1	 28.9526100159
1738	 0	 1	 28.9692299366
1739	 0	 1	 28.9858660698
1740	 0	 1	 29.0026118755
1741	 0	 1	 29.0192570686
1742	 0	 1	 29.0359060764
1743	 0	 1	 29.0525369644
1744	 0	 1	 29.069190979
1745	 0	 1	 29.0858440399
1746	 0	 1	 29.1025130749
1747	 0	 1	 29.1191780567
1748	 0	 1	 29.1358599663
1749	 0	 1	 29.1525249481
1750	 0	 1	 29.1691870689
1751	 0	 1	 29.1858448982
1752	 0	 1	 29.2025330067
1753	 0	 1	 29.2192020416
1754	 0	 1	 29.2358548641
1755	 0	 1	 29.2525160313
1756	 0	 1	 29.2691960335
1757	 0	 1	 29.2858600616
1758	 0	 1	 29.3025410175
1759	 0	 1	 29.3192028999
1760	 0	 1	 29.335875988
1761	 0	 1	 29.3525369167
1762	 0	 1	 29.3692109585
1763	 0	 1	 29.3858680725
1764	 0	 1	 29.4025599957
1765	 0	 1	 29.4192230701
1766	 0	 1	 29.4358758926
1767	 0	 1	 29.4525539875
1768	 0	 1	 29.4692320824
1769	 0	 1	 29.4858870506
1770	 0	 1	 29.5025169849
1771	 0	 1	 29.5191779137
1772	 0	 1	 29.5358519554
1773	 0	 1	 29.5525319576
1774	 0	 1	 29.5692079067
1775	 0	 1	 29.5858650208
1776	 0	 1	 29.6026120186
1777	 0	 1	 29.6192390919
1778	 0	 1	 29.6358718872
1779	 0	 1	 29.6525299549
1780	 0	 1	 29.66918993
1781	 0	 1	 29.6858708858
1782	 0	 1	 29.7025549412
1783	 0	 1	 29.719217062
1784	 0	 1	 29.7358739376
1785	 0	 1	 29.7525520325
1786	 0	 1	 29.7692110538
1787	 0	 1	 29.7858948708
1788	 0	 1	 29.8026080132
1789	 0	 1	 29.8192808628
1790	 0	 1	 29.8359460831
1791	 0	 1	 29.8526110649
1792	 0	 1	 29.8692748547
1793	 0	 1	 29.8859529495
1794	 0	 1	 29.902618885
1795	 0	 1	 29.9192919731
1796	 0	 1	 29.9359819889
1797	 0	 1	 29.9526429176
1798	 0	 1	 29.969342947
1799	 0	 1	 29.9861359596
1800	 0	 1	 30.0027148724
1801	 0	 1	 30.0200068951
1802	 0	 1	 30.0360388756
1803	 0	 1	 30.0526950359
1804	 0	 1	 30.0693399906
1805	 0	 1	 30.0860869884
1806	 0	 1	 30.1027140617
1807	 0	 1	 30.119353056
1808	 0	 1	 30.1360099316
1809	 0	 1	 30.1526789665
1810	 0	 1	 30.1693599224
1811	 0	 1	 30.1860258579
1812	 0	 1	 30.2027568817
1813	 0	 1	 30.2193529606
1814	 0	 1	 30.2360100746
1815	 0	 1	 30.2526700497
1816	 0	 1	 30.269340992
1817	 0	 1	 30.2860000134
1818	 0	 1	 30.3026790619
1819	 0	 1	 30.3193440437
1820	 0	 1	 30.3360159397
1821	 0	 1	 30.3526699543
1822	 0	 1	 30.3693509102
1823	 0	 1	 30.3860139847
1824	 0	 1	 30.4026808739
1825	 0	 1	 30.4193489552
1826	 0	 1	 30.43602705
1827	 0	 1	 30.4526898861
1828	 0	 1	 30.4693529606
1829	 0	 1	 30.4860188961
1830	 0	 1	 30.5027010441
1831	 0	 1	 30.5193650723
1832	 0	 1	 30.5360269547
1833	 0	 1	 30.5526890755
1834	 0	 1	 30.5693719387
1835	 0	 1	 30.5860419273
1836	 0	 1	 30.6026990414
1837	 0	 1	 30.61936903
1838	 0	 1	 30.6360330582
1839	 0	 1	 30.6527130604
1840	 0	 1	 30.6693818569
1841	 0	 1	 30.6860480309
1842	 0	 1	 30.7027070522
1843	 0	 1	 30.7193939686
1844	 0	 1	 30.7360570431
1845	 0	 1	 30.7527549267
1846	 0	 1	 30.7694158554
1847	 0	 1	 30.7860939503
1848	 0	 1	 30.802767992
1849	 0	 1	 30.8193969727
1850	 0	 1	 30.8360359669
1851	 0	 1	 30.8527700901
1852	 0	 1	 30.8694028854
1853	 0	 1	 30.8860640526
1854	 0	 1	 30.9027349949
1855	 0	 1	 30.9194140434
1856	 0	 1	 30.9360990524
1857	 0	 1	 30.9527680874
1858	 0	 1	 30.9694290161
1859	 0	 1	 30.9861140251
1860	 0	 1	 31.0027799606
1861	 0	 1	 31.0195059776
1862	 0	 1	 31.0364830494
1863	 0	 1	 31.052752018
1864	 0	 1	 31.0694339275
1865	 0	 1	 31.0860888958
1866	 0	 1	 31.1027519703
1867	 0	 1	 31.1194319725
1868	 0	 1	 31.1360960007
1869	 0	 1	 31.1527678967
1870	 0	 1	 31.1694250107
1871	 0	 1	 31.1861040592
1872	 0	 1	 31.2027709484
1873	 0	 1	 31.2194480896
1874	 0	 1	 31.2361328602
1875	 0	 1	 31.2528119087
1876	 0	 1	 31.2694780827
1877	 0	 1	 31.2861368656
1878	 0	 1	 31.3028070927
1879	 0	 1	 31.3194918633
1880	 0	 1	 31.3361489773
1881	 0	 1	 31.3528120518
1882	 0	 1	 31.369478941
1883	 0	 1	 31.3861610889
1884	 0	 1	 31.4028348923
1885	 0	 1	 31.4194619656
1886	 0	 1	 31.4361279011
1887	 0	 1	 31.4527878761
1888	 0	 1	 31.4694719315
1889	 0	 1	 31.4861328602
1890	 0	 1	 31.5027930737
1891	 0	 1	 31.5194599628
1892	 0	 1	 31.5361459255
1893	 0	 1	 31.5528149605
1894	 0	 1	 31.5694720745
1895	 0	 1	 31.5862560272
1896	 0	 1	 31.6028680801
1897	 0	 1	 31.6194980145
1898	 0	 1	 31.6361579895
1899	 0	 1	 31.6528089046
1900	 0	 1	 31.6694910526
1901	 0	 1	 31.6861560345
1902	 0	 1	 31.7028200626
1903	 0	 1	 31.7194960117
1904	 0	 1	 31.7361660004
1905	 0	 1	 31.7528309822
1906	 0	 1	 31.7694900036
1907	 0	 1	 31.7861640453
1908	 0	 1	 31.8028578758
1909	 0	 1	 31.8195278645
1910	 0	 1	 31.836181879
1911	 0	 1	 31.8528459072
1912	 0	 1	 31.8695340157
1913	 0	 1	 31.8862810135
1914	 0	 1	 31.9028999805
1915	 0	 1	 31.9195330143
1916	 0	 1	 31.9361999035
1917	 0	 1	 31.9528720379
1918	 0	 1	 31.9695298672
1919	 0	 1	 31.9861998558
1920	 0	 1	 32.0029039383
1921	 0	 1	 32.0195980072
1922	 0	 1	 32.0362319946
1923	 0	 1	 32.0528759956
1924	 0	 1	 32.0695419312
1925	 0	 1	 32.086220026
1926	 0	 1	 32.1028580666
1927	 0	 1	 32.1195230484
1928	 0	 1	 32.1361849308
1929	 0	 1	 32.1528658867
1930	 0	 1	 32.1695289612
1931	 0	 1	 32.1861960888
1932	 0	 1	 32.2028589249
1933	 0	 1	 32.2195379734
1934	 0	 1	 32.2362048626
1935	 0	 1	 32.2528660297
1936	 0	 1	 32.2695329189
1937	 0	 1	 32.2862238884
1938	 0	 1	 32.3029148579
1939	 0	 1	 32.3195729256
1940	 0	 1	 32.3362338543
1941	 0	 1	 32.3529238701
1942	 0	 1	 32.3695809841
1943	 0	 1	 32.3862450123
1944	 0	 1	 32.4029109478
1945	 0	 1	 32.4195940495
1946	 0	 1	 32.4362559319
1947	 0	 1	 32.45291996
1948	 0	 1	 32.4695930481
1949	 0	 1	 32.4862649441
1950	 0	 1	 32.5029299259
1951	 0	 1	 32.5195999146
1952	 0	 1	 32.5363469124
1953	 0	 1	 32.5529930592
1954	 0	 1	 32.5696408749
1955	 0	 1	 32.5863058567
1956	 0	 1	 32.6029388905
1957	 0	 1	 32.6196010113
1958	 0	 1	 32.6362509727
1959	 0	 1	 32.6529128551
1960	 0	 1	 32.6695718765
1961	 0	 1	 32.6862390041
1962	 0	 1	 32.7029218674
1963	 0	 1	 32.7195940018
1964	 0	 1	 32.7363369465
1965	 0	 1	 32.7529819012
1966	 0	 1	 32.7696340084
1967	 0	 1	 32.7862949371
1968	 0	 1	 32.80301404
1969	 0	 1	 32.8196630478
1970	 0	 1	 32.8363599777
1971	 0	 1	 32.8530199528
1972	 0	 1	 32.8696849346
1973	 0	 1	 32.8863508701
1974	 0	 1	 32.9030308723
1975	 0	 1	 32.9196529388
1976	 0	 1	 32.9363589287
1977	 0	 1	 32.9530220032
1978	 0	 1	 32.9697048664
1979	 0	 1	 32.9863460064
1980	 0	 1	 33.0030069351
1981	 0	 1	 33.0197520256
1982	 0	 1	 33.0363910198
1983	 0	 1	 33.0530428886
1984	 0	 1	 33.0696880817
1985	 0	 1	 33.08634305
1986	 0	 1	 33.1029770374
1987	 0	 1	 33.1196579933
1988	 0	 1	 33.1363239288
1989	 0	 1	 33.1530220509
1990	 0	 1	 33.1696848869
1991	 0	 1	 33.1863350868
1992	 0	 1	 33.2030589581
1993	 0	 1	 33.2197239399
1994	 0	 1	 33.2363619804
1995	 0	 1	 33.2530400753
1996	 0	 1	 33.2697029114
1997	 0	 1	 33.2864868641
1998	 0	 1	 33.3031039238
1999	 0	 1	 33.3197419643
2000	 0	 1	 33.336370945
2001	 0	 1	 33.353071928
2002	 0	 1	 33.3697068691
2003	 0	 1	 33.3864369392
2004	 0	 1	 33.4030849934
2005	 0	 1	 33.4197220802
2006	 0	 1	 33.4363820553
2007	 0	 1	 33.4530930519
2008	 0	 1	 33.4697329998
2009	 0	 1	 33.4864740372
2010	 0	 1	 33.5030930042
2011	 0	 1	 33.5197460651
2012	 0	 1	 33.5363988876
2013	 0	 1	 33.5530688763
2014	 0	 1	 33.5697419643
2015	 0	 1	 33.5864150524
2016	 0	 1	 33.6030750275
2017	 0	 1	 33.6197450161
2018	 0	 1	 33.6364040375
2019	 0	 1	 33.6530849934
2020	 0	 1	 33.6697468758
2021	 0	 1	 33.6864900589
2022	 0	 1	 33.7031199932
2023	 0	 1	 33.7197780609
2024	 0	 1	 33.7364280224
2025	 0	 1	 33.7530899048
2026	 0	 1	 33.7697548866
2027	 0	 1	 33.7864320278
2028	 0	 1	 33.8030970097
2029	 0	 1	 33.8197329044
2030	 0	 1	 33.8363969326
2031	 0	 1	 33.8530790806
2032	 0	 1	 33.8697390556
2033	 0	 1	 33.8864099979
2034	 0	 1	 33.9030749798
2035	 0	 1	 33.9197449684
2036	 0	 1	 33.9364249706
2037	 0	 1	 33.9530880451
2038	 0	 1	 33.9697470665
2039	 0	 1	 33.986413002
2040	 0	 1	 34.0030930042
2041	 0	 1	 34.0198428631
2042	 0	 1	 34.036452055
2043	 0	 1	 34.0530838966
2044	 0	 1	 34.0697388649
2045	 0	 1	 34.086400032
2046	 0	 1	 34.1030640602
2047	 0	 1	 34.1197440624
2048	 0	 1	 34.1364140511
2049	 0	 1	 34.1530780792
2050	 0	 1	 34.1697409153
2051	 0	 1	 34.1864070892
2052	 0	 1	 34.2030959129
2053	 0	 1	 34.2197520733
2054	 0	 1	 34.2364139557
2055	 0	 1	 34.253082037
2056	 0	 1	 34.2697899342
2057	 0	 1	 34.2864589691
2058	 0	 1	 34.3031210899
2059	 0	 1	 34.3197860718
2060	 0	 1	 34.3364639282
2061	 0	 1	 34.3531339169
2062	 0	 1	 34.369795084
2063	 0	 1	 34.3864610195
2064	 0	 1	 34.4031689167
2065	 0	 1	 34.4198029041
2066	 0	 1	 34.4364440441
2067	 0	 1	 34.4531030655
2068	 0	 1	 34.4697659016
2069	 0	 1	 34.4864480495
2070	 0	 1	 34.5031108856
2071	 0	 1	 34.5197789669
2072	 0	 1	 34.5364420414
2073	 0	 1	 34.5531609058
2074	 0	 1	 34.569824934
2075	 0	 1	 34.5864830017
2076	 0	 1	 34.6031210423
2077	 0	 1	 34.6197988987
2078	 0	 1	 34.6364610195
2079	 0	 1	 34.6531288624
2080	 0	 1	 34.6698160172
2081	 0	 1	 34.6864750385
2082	 0	 1	 34.7031669617
2083	 0	 1	 34.7198309898
2084	 0	 1	 34.7364630699
2085	 0	 1	 34.7531459332
2086	 0	 1	 34.7698378563
2087	 0	 1	 34.7865009308
2088	 0	 1	 34.8031919003
2089	 0	 1	 34.8198390007
2090	 0	 1	 34.8365049362
2091	 0	 1	 34.8531959057
2092	 0	 1	 34.8698279858
2093	 0	 1	 34.8865110874
2094	 0	 1	 34.9031748772
2095	 0	 1	 34.9198679924
2096	 0	 1	 34.9365289211
2097	 0	 1	 34.9532160759
2098	 0	 1	 34.9698488712
2099	 0	 1	 34.9865109921
2100	 0	 1	 35.0031909943
2101	 0	 1	 35.0198829174
2102	 0	 1	 35.0365638733
2103	 0	 1	 35.0532228947
2104	 0	 1	 35.0698580742
2105	 0	 1	 35.0865249634
2106	 0	 1	 35.1032040119
2107	 0	 1	 35.1198649406
2108	 0	 1	 35.1365599632
2109	 0	 1	 35.1531939507
2110	 0	 1	 35.169880867
2111	 0	 1	 35.1865410805
2112	 0	 1	 35.2032020092
2113	 0	 1	 35.2198638916
2114	 0	 1	 35.2365789413
2115	 0	 1	 35.2532398701
2116	 0	 1	 35.2699038982
2117	 0	 1	 35.2865669727
2118	 0	 1	 35.3032488823
2119	 0	 1	 35.3198890686
2120	 0	 1	 35.3365809917
2121	 0	 1	 35.3532159328
2122	 0	 1	 35.3698968887
2123	 0	 1	 35.3865618706
2124	 0	 1	 35.4032568932
2125	 0	 1	 35.4198920727
2126	 0	 1	 35.4365990162
2127	 0	 1	 35.4532370567
2128	 0	 1	 35.4698998928
2129	 0	 1	 35.4865670204
2130	 0	 1	 35.5032439232
2131	 0	 1	 35.5199098587
2132	 0	 1	 35.5365719795
2133	 0	 1	 35.5532400608
2134	 0	 1	 35.5699369907
2135	 0	 1	 35.5866179466
2136	 0	 1	 35.6032569408
2137	 0	 1	 35.619948864
2138	 0	 1	 35.6365909576
2139	 0	 1	 35.6532728672
2140	 0	 1	 35.6699290276
2141	 0	 1	 35.6865918636
2142	 0	 1	 35.7032160759
2143	 0	 1	 35.7199060917
2144	 0	 1	 35.736563921
2145	 0	 1	 35.7532250881
2146	 0	 1	 35.7698879242
2147	 0	 1	 35.7865760326
2148	 0	 1	 35.8032979965
2149	 0	 1	 35.8199589252
2150	 0	 1	 35.8366320133
2151	 0	 1	 35.8533349037
2152	 0	 1	 35.8699669838
2153	 0	 1	 35.8866329193
2154	 0	 1	 35.9033329487
2155	 0	 1	 35.9200110435
2156	 0	 1	 35.9366428852
2157	 0	 1	 35.9533338547
2158	 0	 1	 35.9699749947
2159	 0	 1	 35.9867269993
2160	 0	 1	 36.003412962
2161	 0	 1	 36.020097971
2162	 0	 1	 36.0367178917
2163	 0	 1	 36.0534100533
2164	 0	 1	 36.0700540543
2165	 0	 1	 36.0867140293
2166	 0	 1	 36.1033790112
2167	 0	 1	 36.1200640202
2168	 0	 1	 36.136729002
2169	 0	 1	 36.1533889771
2170	 0	 1	 36.1700539589
2171	 0	 1	 36.1867358685
2172	 0	 1	 36.2034130096
2173	 0	 1	 36.2200710773
2174	 0	 1	 36.2366900444
2175	 0	 1	 36.2533688545
2176	 0	 1	 36.2700750828
2177	 0	 1	 36.2867450714
2178	 0	 1	 36.3034050465
2179	 0	 1	 36.3200860023
2180	 0	 1	 36.3367500305
2181	 0	 1	 36.3534119129
2182	 0	 1	 36.3700840473
2183	 0	 1	 36.3867399693
2184	 0	 1	 36.4034359455
2185	 0	 1	 36.4200930595
2186	 0	 1	 36.4367558956
2187	 0	 1	 36.4534270763
2188	 0	 1	 36.4701058865
2189	 0	 1	 36.4867708683
2190	 0	 1	 36.503428936
2191	 0	 1	 36.520097971
2192	 0	 1	 36.5368719101
2193	 0	 1	 36.5534770489
2194	 0	 1	 36.5701088905
2195	 0	 1	 36.5867700577
2196	 0	 1	 36.6034519672
2197	 0	 1	 36.6201210022
2198	 0	 1	 36.6367790699
2199	 0	 1	 36.6534450054
2200	 0	 1	 36.6701219082
