frame_number	 sync_in1	 sync_in2	 time_stamp
1	 0	 1	 0.0159850120544
2	 0	 1	 0.0325510501862
3	 0	 1	 0.0492072105408
4	 0	 1	 0.0658721923828
5	 0	 1	 0.0825510025024
6	 0	 1	 0.0992140769958
7	 0	 1	 0.115880012512
8	 0	 1	 0.13253903389
9	 0	 1	 0.149204015732
10	 0	 1	 0.166149139404
11	 0	 1	 0.182702064514
12	 0	 1	 0.199256181717
13	 0	 1	 0.215874195099
14	 0	 1	 0.232534170151
15	 0	 1	 0.249198198318
16	 0	 1	 0.265864133835
17	 0	 1	 0.282534122467
18	 0	 1	 0.299205064774
19	 0	 1	 0.316028118134
20	 0	 1	 0.332601070404
21	 0	 1	 0.349215984344
22	 0	 1	 0.365886211395
23	 0	 1	 0.382538080215
24	 0	 1	 0.399205207825
25	 0	 1	 0.41587805748
26	 0	 1	 0.432558059692
27	 0	 1	 0.449220180511
28	 0	 1	 0.466000080109
29	 0	 1	 0.48258805275
30	 0	 1	 0.499245166779
31	 0	 1	 0.515938043594
32	 0	 1	 0.532591104507
33	 0	 1	 0.549252986908
34	 0	 1	 0.565932035446
35	 0	 1	 0.582597017288
36	 0	 1	 0.59926199913
37	 0	 1	 0.616037130356
38	 0	 1	 0.632646083832
39	 0	 1	 0.649282217026
40	 0	 1	 0.665933132172
41	 0	 1	 0.682604074478
42	 0	 1	 0.699266195297
43	 0	 1	 0.715950012207
44	 0	 1	 0.732617139816
45	 0	 1	 0.749276161194
46	 0	 1	 0.766107082367
47	 0	 1	 0.782693147659
48	 0	 1	 0.799310207367
49	 0	 1	 0.815929174423
50	 0	 1	 0.832617998123
51	 0	 1	 0.849300146103
52	 0	 1	 0.865960121155
53	 0	 1	 0.882624149323
54	 0	 1	 0.899302005768
55	 0	 1	 0.915990114212
56	 0	 1	 0.93265414238
57	 0	 1	 0.949313163757
58	 0	 1	 0.965975999832
59	 0	 1	 0.982660055161
60	 0	 1	 0.999334096909
61	 0	 1	 1.01599311829
62	 0	 1	 1.03266215324
63	 0	 1	 1.04933619499
64	 0	 1	 1.06599998474
65	 0	 1	 1.08267617226
66	 0	 1	 1.09932899475
67	 0	 1	 1.11601018906
68	 0	 1	 1.1326751709
69	 0	 1	 1.14933919907
70	 0	 1	 1.1660091877
71	 0	 1	 1.1826851368
72	 0	 1	 1.19934606552
73	 0	 1	 1.21601104736
74	 0	 1	 1.23268508911
75	 0	 1	 1.24934911728
76	 0	 1	 1.26602816582
77	 0	 1	 1.28269314766
78	 0	 1	 1.29935216904
79	 0	 1	 1.31616902351
80	 0	 1	 1.33276104927
81	 0	 1	 1.34938311577
82	 0	 1	 1.36603403091
83	 0	 1	 1.38269305229
84	 0	 1	 1.39937710762
85	 0	 1	 1.41604208946
86	 0	 1	 1.43270611763
87	 0	 1	 1.44936919212
88	 0	 1	 1.46616411209
89	 0	 1	 1.48277711868
90	 0	 1	 1.49939417839
91	 0	 1	 1.51604104042
92	 0	 1	 1.53272509575
93	 0	 1	 1.54938316345
94	 0	 1	 1.56605315208
95	 0	 1	 1.58272004128
96	 0	 1	 1.59939718246
97	 0	 1	 1.61606216431
98	 0	 1	 1.63272714615
99	 0	 1	 1.64939308167
100	 0	 1	 1.66621398926
101	 0	 1	 1.68277812004
102	 0	 1	 1.69936800003
103	 0	 1	 1.71599912643
104	 0	 1	 1.73271012306
105	 0	 1	 1.74937415123
106	 0	 1	 1.76618409157
107	 0	 1	 1.78272604942
108	 0	 1	 1.79937505722
109	 0	 1	 1.81601715088
110	 0	 1	 1.83270907402
111	 0	 1	 1.84937500954
112	 0	 1	 1.86605620384
113	 0	 1	 1.8827290535
114	 0	 1	 1.89944314957
115	 0	 1	 1.91610908508
116	 0	 1	 1.93278717995
117	 0	 1	 1.94946217537
118	 0	 1	 1.96611905098
119	 0	 1	 1.9827811718
120	 0	 1	 1.99945020676
121	 0	 1	 2.01618099213
122	 0	 1	 2.03277802467
123	 0	 1	 2.04942512512
124	 0	 1	 2.0660970211
125	 0	 1	 2.08277702332
126	 0	 1	 2.09943699837
127	 0	 1	 2.1161031723
128	 0	 1	 2.13277602196
129	 0	 1	 2.14945316315
130	 0	 1	 2.16611409187
131	 0	 1	 2.18277907372
132	 0	 1	 2.19948506355
133	 0	 1	 2.2161591053
134	 0	 1	 2.23281812668
135	 0	 1	 2.24948501587
136	 0	 1	 2.26614618301
137	 0	 1	 2.28283309937
138	 0	 1	 2.29949116707
139	 0	 1	 2.31615900993
140	 0	 1	 2.33281707764
141	 0	 1	 2.3494989872
142	 0	 1	 2.36641120911
143	 0	 1	 2.38289499283
144	 0	 1	 2.39952301979
145	 0	 1	 2.41618204117
146	 0	 1	 2.43281412125
147	 0	 1	 2.44948720932
148	 0	 1	 2.46614098549
149	 0	 1	 2.48282599449
150	 0	 1	 2.49949216843
151	 0	 1	 2.51615309715
152	 0	 1	 2.53282308578
153	 0	 1	 2.54949903488
154	 0	 1	 2.5661611557
155	 0	 1	 2.58282899857
156	 0	 1	 2.59949207306
157	 0	 1	 2.61630010605
158	 0	 1	 2.63288211823
159	 0	 1	 2.64951300621
160	 0	 1	 2.66616606712
161	 0	 1	 2.68283605576
162	 0	 1	 2.69951415062
163	 0	 1	 2.71617913246
164	 0	 1	 2.7328441143
165	 0	 1	 2.7495071888
166	 0	 1	 2.76633000374
167	 0	 1	 2.78289818764
168	 0	 1	 2.79952907562
169	 0	 1	 2.81618309021
170	 0	 1	 2.83286118507
171	 0	 1	 2.84952902794
172	 0	 1	 2.86618900299
173	 0	 1	 2.8828561306
174	 0	 1	 2.89950418472
175	 0	 1	 2.91617012024
176	 0	 1	 2.93283605576
177	 0	 1	 2.94950008392
178	 0	 1	 2.96617698669
179	 0	 1	 2.98284316063
180	 0	 1	 2.9995071888
181	 0	 1	 3.01626205444
182	 0	 1	 3.03344202042
183	 0	 1	 3.04953217506
184	 0	 1	 3.06621098518
185	 0	 1	 3.08287405968
186	 0	 1	 3.09955906868
187	 0	 1	 3.11619305611
188	 0	 1	 3.13288521767
189	 0	 1	 3.14952206612
190	 0	 1	 3.16618919373
191	 0	 1	 3.18287110329
192	 0	 1	 3.19953107834
193	 0	 1	 3.21619915962
194	 0	 1	 3.23286604881
195	 0	 1	 3.24954819679
196	 0	 1	 3.26620912552
197	 0	 1	 3.28287005424
198	 0	 1	 3.29953503609
199	 0	 1	 3.31645298004
200	 0	 1	 3.33304214478
201	 0	 1	 3.34958720207
202	 0	 1	 3.36621499062
203	 0	 1	 3.38289999962
204	 0	 1	 3.39955711365
205	 0	 1	 3.41622400284
206	 0	 1	 3.43292498589
207	 0	 1	 3.44959712029
208	 0	 1	 3.46625614166
209	 0	 1	 3.48292613029
210	 0	 1	 3.49959206581
211	 0	 1	 3.51642608643
212	 0	 1	 3.53297519684
213	 0	 1	 3.54959201813
214	 0	 1	 3.56623721123
215	 0	 1	 3.58292412758
216	 0	 1	 3.59958219528
217	 0	 1	 3.61627721786
218	 0	 1	 3.6330280304
219	 0	 1	 3.64962506294
220	 0	 1	 3.66628217697
221	 0	 1	 3.68291902542
222	 0	 1	 3.69961309433
223	 0	 1	 3.71627998352
224	 0	 1	 3.7329621315
225	 0	 1	 3.74962711334
226	 0	 1	 3.76628804207
227	 0	 1	 3.78295707703
228	 0	 1	 3.79964399338
229	 0	 1	 3.81630516052
230	 0	 1	 3.83296918869
231	 0	 1	 3.84962701797
232	 0	 1	 3.86630916595
233	 0	 1	 3.88297510147
234	 0	 1	 3.89965701103
235	 0	 1	 3.91631603241
236	 0	 1	 3.93300104141
237	 0	 1	 3.94966411591
238	 0	 1	 3.96647310257
239	 0	 1	 3.98305702209
240	 0	 1	 3.99968910217
241	 0	 1	 4.01640510559
242	 0	 1	 4.03426098824
243	 0	 1	 4.04966211319
244	 0	 1	 4.0663599968
245	 0	 1	 4.08300805092
246	 0	 1	 4.09967708588
247	 0	 1	 4.11630821228
248	 0	 1	 4.13302302361
249	 0	 1	 4.149695158
250	 0	 1	 4.16634917259
251	 0	 1	 4.18301200867
252	 0	 1	 4.19969415665
253	 0	 1	 4.21636104584
254	 0	 1	 4.23302507401
255	 0	 1	 4.24969005585
256	 0	 1	 4.26646304131
257	 0	 1	 4.28304314613
258	 0	 1	 4.29970407486
259	 0	 1	 4.31633400917
260	 0	 1	 4.3330450058
261	 0	 1	 4.34968209267
262	 0	 1	 4.36634421349
263	 0	 1	 4.38301110268
264	 0	 1	 4.39969205856
265	 0	 1	 4.41635417938
266	 0	 1	 4.43301820755
267	 0	 1	 4.44967913628
268	 0	 1	 4.46636819839
269	 0	 1	 4.48302698135
270	 0	 1	 4.49970221519
271	 0	 1	 4.51636099815
272	 0	 1	 4.53302907944
273	 0	 1	 4.54971313477
274	 0	 1	 4.56637120247
275	 0	 1	 4.58303713799
276	 0	 1	 4.59970021248
277	 0	 1	 4.61635804176
278	 0	 1	 4.63305020332
279	 0	 1	 4.6497130394
280	 0	 1	 4.66637301445
281	 0	 1	 4.68305921555
282	 0	 1	 4.69972419739
283	 0	 1	 4.71638703346
284	 0	 1	 4.73304605484
285	 0	 1	 4.74972820282
286	 0	 1	 4.76639199257
287	 0	 1	 4.78306007385
288	 0	 1	 4.79968619347
289	 0	 1	 4.81637620926
290	 0	 1	 4.83303117752
291	 0	 1	 4.84969115257
292	 0	 1	 4.86655306816
293	 0	 1	 4.88311505318
294	 0	 1	 4.89979100227
295	 0	 1	 4.91642999649
296	 0	 1	 4.93308711052
297	 0	 1	 4.94980406761
298	 0	 1	 4.96646809578
299	 0	 1	 4.98313117027
300	 0	 1	 4.99976015091
301	 0	 1	 5.0165040493
302	 0	 1	 5.03384709358
303	 0	 0	 5.04973506927
